36 37 1.0 100
36 38 1.0 100
36 39 1.0 100
36 40 1.0 100
36 41 1.0 100
36 42 1.0 100
36 43 1.0 100
36 44 1.0 100
36 45 1.0 100
36 46 1.0 100
36 47 1.0 100
36 48 1.0 100
36 49 1.0 100
36 50 1.0 100
36 51 1.0 100
36 52 1.0 100
36 53 1.0 100
36 54 1.0 100
36 55 1.0 100
36 56 1.0 100
36 57 1.0 100
36 58 1.0 100
36 59 1.0 100
36 60 1.0 100
36 61 1.0 100
36 62 1.0 100
36 63 1.0 100
36 64 1.0 100
36 65 1.0 100
36 66 1.0 100
36 67 1.0 100
36 68 1.0 100
36 69 1.0 100
36 70 1.0 100
36 71 1.0 100
36 72 1.0 100
36 73 1.0 100
36 74 1.0 100
36 75 1.0 100
36 76 1.0 100
36 77 1.0 100
36 78 1.0 100
36 79 1.0 100
36 80 1.0 100
36 81 1.0 100
36 82 1.0 100
36 83 1.0 100
36 84 1.0 100
36 85 1.0 100
36 86 1.0 100
36 87 1.0 100
36 88 1.0 100
36 89 1.0 100
36 90 1.0 100
36 91 1.0 100
36 92 1.0 100
36 93 1.0 100
36 94 1.0 100
36 95 1.0 100
36 96 1.0 100
36 97 1.0 100
36 98 1.0 100
36 99 1.0 100
36 100 1.0 100
36 101 1.0 100
36 102 1.0 100
36 103 1.0 100
36 104 1.0 100
36 105 1.0 100
36 106 1.0 100
36 107 1.0 100
36 108 1.0 100
36 109 1.0 100
36 110 1.0 100
36 111 1.0 100
36 112 1.0 100
36 113 1.0 100
36 114 1.0 100
36 115 1.0 100
36 116 1.0 100
36 117 1.0 100
36 118 1.0 100
36 119 1.0 100
36 120 1.0 100
36 121 1.0 100
36 122 1.0 100
36 123 1.0 100
36 124 1.0 100
36 125 1.0 100
36 126 1.0 100
36 127 1.0 100
36 128 1.0 100
36 129 1.0 100
36 130 1.0 100
36 131 1.0 100
36 132 1.0 100
36 133 1.0 100
36 134 1.0 100
36 135 1.0 100
36 136 1.0 100
36 137 1.0 100
36 138 1.0 100
36 139 1.0 100
36 140 1.0 100
36 141 1.0 100
36 142 1.0 100
36 143 1.0 100
