0 0 1 1 5 5 6 
1 0 1 1 2 4 5 3 0 4 7
2 0 1 2 2 4 5 3 1 4 7
3 0 1 3 2 4 5 3 2 4 7
4 0 1 1 2 5 5 3 0 4 8 
5 0 1 2 2 5 5 3 1 4 8
6 0 1 3 2 5 5 3 2 4 8
7 0 1 4 6 3 5 
8 0 1 1 2 4 6 3 0 4 7 
9 0 1 2 2 4 6 3 1 4 7
10 0 1 3 2 4 6 3 2 4 7
11 0 1 1 2 5 6 3 0 4 8 
12 0 1 2 2 5 6 3 1 4 8
13 0 1 3 2 5 6 3 2 4 8
14 0 1 5 7 4 8 
15 0 1 1 1 4 7 4 0 3 5 
16 0 1 2 1 4 7 4 1 3 5
17 0 1 3 1 4 7 4 2 3 5
18 0 1 1 1 5 7 4 0 3 6 
19 0 1 2 1 5 7 4 1 3 6
20 0 1 3 1 5 7 4 2 3 6
21 0 1 4 8 4 7 
22 0 1 1 1 4 8 4 0 3 5 
23 0 1 2 1 4 8 4 1 3 5
24 0 1 3 1 4 8 4 2 3 5
25 0 1 1 1 5 8 4 0 3 6 
26 0 1 2 1 5 8 4 1 3 6
27 0 1 3 1 5 8 4 2 3 6
