80 64
0 8 0 100 1
1 9 1 100 1
2 10 2 100 1
3 11 3 100 1
4 12 4 100 1
5 13 5 100 1
6 14 6 100 1
7 15 7 100 1
8 16 0 100 1
9 17 1 100 1
10 18 2 100 1
11 19 3 100 1
12 20 4 100 1
13 21 5 100 1
14 22 6 100 1
15 23 7 100 1
16 24 0 100 1
17 25 1 100 1
18 26 2 100 1
19 27 3 100 1
20 28 4 100 1
21 29 5 100 1
22 30 6 100 1
23 31 7 100 1
24 32 0 100 1
25 33 1 100 1
26 34 2 100 1
27 35 3 100 1
28 36 4 100 1
29 37 5 100 1
30 38 6 100 1
31 39 7 100 1
32 40 0 100 1
33 41 1 100 1
34 42 2 100 1
35 43 3 100 1
36 44 4 100 1
37 45 5 100 1
38 46 6 100 1
39 47 7 100 1
40 48 0 100 1
41 49 1 100 1
42 50 2 100 1
43 51 3 100 1
44 52 4 100 1
45 53 5 100 1
46 54 6 100 1
47 55 7 100 1
48 56 0 100 1
49 57 1 100 1
50 58 2 100 1
51 59 3 100 1
52 60 4 100 1
53 61 5 100 1
54 62 6 100 1
55 63 7 100 1
56 64 0 100 1
57 65 1 100 1
58 66 2 100 1
59 67 3 100 1
60 68 4 100 1
61 69 5 100 1
62 70 6 100 1
63 71 7 100 1
64 8 72 100 1
65 9 72 100 1
66 10 72 100 1
67 11 72 100 1
68 12 72 100 1
69 13 72 100 1
70 14 72 100 1
71 15 72 100 1
72 16 73 100 1
73 17 73 100 1
74 18 73 100 1
75 19 73 100 1
76 20 73 100 1
77 21 73 100 1
78 22 73 100 1
79 23 73 100 1
80 24 74 100 1
81 25 74 100 1
82 26 74 100 1
83 27 74 100 1
84 28 74 100 1
85 29 74 100 1
86 30 74 100 1
87 31 74 100 1
88 32 75 100 1
89 33 75 100 1
90 34 75 100 1
91 35 75 100 1
92 36 75 100 1
93 37 75 100 1
94 38 75 100 1
95 39 75 100 1
96 40 76 100 1
97 41 76 100 1
98 42 76 100 1
99 43 76 100 1
100 44 76 100 1
101 45 76 100 1
102 46 76 100 1
103 47 76 100 1
104 48 77 100 1
105 49 77 100 1
106 50 77 100 1
107 51 77 100 1
108 52 77 100 1
109 53 77 100 1
110 54 77 100 1
111 55 77 100 1
112 56 78 100 1
113 57 78 100 1
114 58 78 100 1
115 59 78 100 1
116 60 78 100 1
117 61 78 100 1
118 62 78 100 1
119 63 78 100 1
120 64 79 100 1
121 65 79 100 1
122 66 79 100 1
123 67 79 100 1
124 68 79 100 1
125 69 79 100 1
126 70 79 100 1
127 71 79 100 1
128 80 8 200 1
129 81 9 200 1
130 82 10 200 1
131 83 11 200 1
132 84 12 200 1
133 85 13 200 1
134 86 14 200 1
135 87 15 200 1
136 88 16 200 1
137 89 17 200 1
138 90 18 200 1
139 91 19 200 1
140 92 20 200 1
141 93 21 200 1
142 94 22 200 1
143 95 23 200 1
144 96 24 200 1
145 97 25 200 1
146 98 26 200 1
147 99 27 200 1
148 100 28 200 1
149 101 29 200 1
150 102 30 200 1
151 103 31 200 1
152 104 32 200 1
153 105 33 200 1
154 106 34 200 1
155 107 35 200 1
156 108 36 200 1
157 109 37 200 1
158 110 38 200 1
159 111 39 200 1
160 112 40 200 1
161 113 41 200 1
162 114 42 200 1
163 115 43 200 1
164 116 44 200 1
165 117 45 200 1
166 118 46 200 1
167 119 47 200 1
168 120 48 200 1
169 121 49 200 1
170 122 50 200 1
171 123 51 200 1
172 124 52 200 1
173 125 53 200 1
174 126 54 200 1
175 127 55 200 1
176 128 56 200 1
177 129 57 200 1
178 130 58 200 1
179 131 59 200 1
180 132 60 200 1
181 133 61 200 1
182 134 62 200 1
183 135 63 200 1
184 136 64 200 1
185 137 65 200 1
186 138 66 200 1
187 139 67 200 1
188 140 68 200 1
189 141 69 200 1
190 142 70 200 1
191 143 71 200 1
