80 81 0.0158 200
80 82 0.0158 200
80 83 0.0158 200
80 84 0.0158 200
80 85 0.0158 200
80 86 0.0158 200
80 87 0.0158 200
80 88 0.0158 200
80 89 0.0158 200
80 90 0.0158 200
80 91 0.0158 200
80 92 0.0158 200
80 93 0.0158 200
80 94 0.0158 200
80 95 0.0158 200
80 96 0.0158 200
80 97 0.0158 200
80 98 0.0158 200
80 99 0.0158 200
80 100 0.0158 200
80 101 0.0158 200
80 102 0.0158 200
80 103 0.0158 200
80 104 0.0158 200
80 105 0.0158 200
80 106 0.0158 200
80 107 0.0158 200
80 108 0.0158 200
80 109 0.0158 200
80 110 0.0158 200
80 111 0.0158 200
80 112 0.0158 200
80 113 0.0158 200
80 114 0.0158 200
80 115 0.0158 200
80 116 0.0158 200
80 117 0.0158 200
80 118 0.0158 200
80 119 0.0158 200
80 120 0.0158 200
80 121 0.0158 200
80 122 0.0158 200
80 123 0.0158 200
80 124 0.0158 200
80 125 0.0158 200
80 126 0.0158 200
80 127 0.0158 200
80 128 0.0158 200
80 129 0.0158 200
80 130 0.0158 200
80 131 0.0158 200
80 132 0.0158 200
80 133 0.0158 200
80 134 0.0158 200
80 135 0.0158 200
80 136 0.0158 200
80 137 0.0158 200
80 138 0.0158 200
80 139 0.0158 200
80 140 0.0158 200
80 141 0.0158 200
80 142 0.0158 200
80 143 0.0158 200
81 80 0.0158 200
81 82 0.0158 200
81 83 0.0158 200
81 84 0.0158 200
81 85 0.0158 200
81 86 0.0158 200
81 87 0.0158 200
81 88 0.0158 200
81 89 0.0158 200
81 90 0.0158 200
81 91 0.0158 200
81 92 0.0158 200
81 93 0.0158 200
81 94 0.0158 200
81 95 0.0158 200
81 96 0.0158 200
81 97 0.0158 200
81 98 0.0158 200
81 99 0.0158 200
81 100 0.0158 200
81 101 0.0158 200
81 102 0.0158 200
81 103 0.0158 200
81 104 0.0158 200
81 105 0.0158 200
81 106 0.0158 200
81 107 0.0158 200
81 108 0.0158 200
81 109 0.0158 200
81 110 0.0158 200
81 111 0.0158 200
81 112 0.0158 200
81 113 0.0158 200
81 114 0.0158 200
81 115 0.0158 200
81 116 0.0158 200
81 117 0.0158 200
81 118 0.0158 200
81 119 0.0158 200
81 120 0.0158 200
81 121 0.0158 200
81 122 0.0158 200
81 123 0.0158 200
81 124 0.0158 200
81 125 0.0158 200
81 126 0.0158 200
81 127 0.0158 200
81 128 0.0158 200
81 129 0.0158 200
81 130 0.0158 200
81 131 0.0158 200
81 132 0.0158 200
81 133 0.0158 200
81 134 0.0158 200
81 135 0.0158 200
81 136 0.0158 200
81 137 0.0158 200
81 138 0.0158 200
81 139 0.0158 200
81 140 0.0158 200
81 141 0.0158 200
81 142 0.0158 200
81 143 0.0158 200
82 80 0.0158 200
82 81 0.0158 200
82 83 0.0158 200
82 84 0.0158 200
82 85 0.0158 200
82 86 0.0158 200
82 87 0.0158 200
82 88 0.0158 200
82 89 0.0158 200
82 90 0.0158 200
82 91 0.0158 200
82 92 0.0158 200
82 93 0.0158 200
82 94 0.0158 200
82 95 0.0158 200
82 96 0.0158 200
82 97 0.0158 200
82 98 0.0158 200
82 99 0.0158 200
82 100 0.0158 200
82 101 0.0158 200
82 102 0.0158 200
82 103 0.0158 200
82 104 0.0158 200
82 105 0.0158 200
82 106 0.0158 200
82 107 0.0158 200
82 108 0.0158 200
82 109 0.0158 200
82 110 0.0158 200
82 111 0.0158 200
82 112 0.0158 200
82 113 0.0158 200
82 114 0.0158 200
82 115 0.0158 200
82 116 0.0158 200
82 117 0.0158 200
82 118 0.0158 200
82 119 0.0158 200
82 120 0.0158 200
82 121 0.0158 200
82 122 0.0158 200
82 123 0.0158 200
82 124 0.0158 200
82 125 0.0158 200
82 126 0.0158 200
82 127 0.0158 200
82 128 0.0158 200
82 129 0.0158 200
82 130 0.0158 200
82 131 0.0158 200
82 132 0.0158 200
82 133 0.0158 200
82 134 0.0158 200
82 135 0.0158 200
82 136 0.0158 200
82 137 0.0158 200
82 138 0.0158 200
82 139 0.0158 200
82 140 0.0158 200
82 141 0.0158 200
82 142 0.0158 200
82 143 0.0158 200
83 80 0.0158 200
83 81 0.0158 200
83 82 0.0158 200
83 84 0.0158 200
83 85 0.0158 200
83 86 0.0158 200
83 87 0.0158 200
83 88 0.0158 200
83 89 0.0158 200
83 90 0.0158 200
83 91 0.0158 200
83 92 0.0158 200
83 93 0.0158 200
83 94 0.0158 200
83 95 0.0158 200
83 96 0.0158 200
83 97 0.0158 200
83 98 0.0158 200
83 99 0.0158 200
83 100 0.0158 200
83 101 0.0158 200
83 102 0.0158 200
83 103 0.0158 200
83 104 0.0158 200
83 105 0.0158 200
83 106 0.0158 200
83 107 0.0158 200
83 108 0.0158 200
83 109 0.0158 200
83 110 0.0158 200
83 111 0.0158 200
83 112 0.0158 200
83 113 0.0158 200
83 114 0.0158 200
83 115 0.0158 200
83 116 0.0158 200
83 117 0.0158 200
83 118 0.0158 200
83 119 0.0158 200
83 120 0.0158 200
83 121 0.0158 200
83 122 0.0158 200
83 123 0.0158 200
83 124 0.0158 200
83 125 0.0158 200
83 126 0.0158 200
83 127 0.0158 200
83 128 0.0158 200
83 129 0.0158 200
83 130 0.0158 200
83 131 0.0158 200
83 132 0.0158 200
83 133 0.0158 200
83 134 0.0158 200
83 135 0.0158 200
83 136 0.0158 200
83 137 0.0158 200
83 138 0.0158 200
83 139 0.0158 200
83 140 0.0158 200
83 141 0.0158 200
83 142 0.0158 200
83 143 0.0158 200
84 80 0.0158 200
84 81 0.0158 200
84 82 0.0158 200
84 83 0.0158 200
84 85 0.0158 200
84 86 0.0158 200
84 87 0.0158 200
84 88 0.0158 200
84 89 0.0158 200
84 90 0.0158 200
84 91 0.0158 200
84 92 0.0158 200
84 93 0.0158 200
84 94 0.0158 200
84 95 0.0158 200
84 96 0.0158 200
84 97 0.0158 200
84 98 0.0158 200
84 99 0.0158 200
84 100 0.0158 200
84 101 0.0158 200
84 102 0.0158 200
84 103 0.0158 200
84 104 0.0158 200
84 105 0.0158 200
84 106 0.0158 200
84 107 0.0158 200
84 108 0.0158 200
84 109 0.0158 200
84 110 0.0158 200
84 111 0.0158 200
84 112 0.0158 200
84 113 0.0158 200
84 114 0.0158 200
84 115 0.0158 200
84 116 0.0158 200
84 117 0.0158 200
84 118 0.0158 200
84 119 0.0158 200
84 120 0.0158 200
84 121 0.0158 200
84 122 0.0158 200
84 123 0.0158 200
84 124 0.0158 200
84 125 0.0158 200
84 126 0.0158 200
84 127 0.0158 200
84 128 0.0158 200
84 129 0.0158 200
84 130 0.0158 200
84 131 0.0158 200
84 132 0.0158 200
84 133 0.0158 200
84 134 0.0158 200
84 135 0.0158 200
84 136 0.0158 200
84 137 0.0158 200
84 138 0.0158 200
84 139 0.0158 200
84 140 0.0158 200
84 141 0.0158 200
84 142 0.0158 200
84 143 0.0158 200
85 80 0.0158 200
85 81 0.0158 200
85 82 0.0158 200
85 83 0.0158 200
85 84 0.0158 200
85 86 0.0158 200
85 87 0.0158 200
85 88 0.0158 200
85 89 0.0158 200
85 90 0.0158 200
85 91 0.0158 200
85 92 0.0158 200
85 93 0.0158 200
85 94 0.0158 200
85 95 0.0158 200
85 96 0.0158 200
85 97 0.0158 200
85 98 0.0158 200
85 99 0.0158 200
85 100 0.0158 200
85 101 0.0158 200
85 102 0.0158 200
85 103 0.0158 200
85 104 0.0158 200
85 105 0.0158 200
85 106 0.0158 200
85 107 0.0158 200
85 108 0.0158 200
85 109 0.0158 200
85 110 0.0158 200
85 111 0.0158 200
85 112 0.0158 200
85 113 0.0158 200
85 114 0.0158 200
85 115 0.0158 200
85 116 0.0158 200
85 117 0.0158 200
85 118 0.0158 200
85 119 0.0158 200
85 120 0.0158 200
85 121 0.0158 200
85 122 0.0158 200
85 123 0.0158 200
85 124 0.0158 200
85 125 0.0158 200
85 126 0.0158 200
85 127 0.0158 200
85 128 0.0158 200
85 129 0.0158 200
85 130 0.0158 200
85 131 0.0158 200
85 132 0.0158 200
85 133 0.0158 200
85 134 0.0158 200
85 135 0.0158 200
85 136 0.0158 200
85 137 0.0158 200
85 138 0.0158 200
85 139 0.0158 200
85 140 0.0158 200
85 141 0.0158 200
85 142 0.0158 200
85 143 0.0158 200
86 80 0.0158 200
86 81 0.0158 200
86 82 0.0158 200
86 83 0.0158 200
86 84 0.0158 200
86 85 0.0158 200
86 87 0.0158 200
86 88 0.0158 200
86 89 0.0158 200
86 90 0.0158 200
86 91 0.0158 200
86 92 0.0158 200
86 93 0.0158 200
86 94 0.0158 200
86 95 0.0158 200
86 96 0.0158 200
86 97 0.0158 200
86 98 0.0158 200
86 99 0.0158 200
86 100 0.0158 200
86 101 0.0158 200
86 102 0.0158 200
86 103 0.0158 200
86 104 0.0158 200
86 105 0.0158 200
86 106 0.0158 200
86 107 0.0158 200
86 108 0.0158 200
86 109 0.0158 200
86 110 0.0158 200
86 111 0.0158 200
86 112 0.0158 200
86 113 0.0158 200
86 114 0.0158 200
86 115 0.0158 200
86 116 0.0158 200
86 117 0.0158 200
86 118 0.0158 200
86 119 0.0158 200
86 120 0.0158 200
86 121 0.0158 200
86 122 0.0158 200
86 123 0.0158 200
86 124 0.0158 200
86 125 0.0158 200
86 126 0.0158 200
86 127 0.0158 200
86 128 0.0158 200
86 129 0.0158 200
86 130 0.0158 200
86 131 0.0158 200
86 132 0.0158 200
86 133 0.0158 200
86 134 0.0158 200
86 135 0.0158 200
86 136 0.0158 200
86 137 0.0158 200
86 138 0.0158 200
86 139 0.0158 200
86 140 0.0158 200
86 141 0.0158 200
86 142 0.0158 200
86 143 0.0158 200
87 80 0.0158 200
87 81 0.0158 200
87 82 0.0158 200
87 83 0.0158 200
87 84 0.0158 200
87 85 0.0158 200
87 86 0.0158 200
87 88 0.0158 200
87 89 0.0158 200
87 90 0.0158 200
87 91 0.0158 200
87 92 0.0158 200
87 93 0.0158 200
87 94 0.0158 200
87 95 0.0158 200
87 96 0.0158 200
87 97 0.0158 200
87 98 0.0158 200
87 99 0.0158 200
87 100 0.0158 200
87 101 0.0158 200
87 102 0.0158 200
87 103 0.0158 200
87 104 0.0158 200
87 105 0.0158 200
87 106 0.0158 200
87 107 0.0158 200
87 108 0.0158 200
87 109 0.0158 200
87 110 0.0158 200
87 111 0.0158 200
87 112 0.0158 200
87 113 0.0158 200
87 114 0.0158 200
87 115 0.0158 200
87 116 0.0158 200
87 117 0.0158 200
87 118 0.0158 200
87 119 0.0158 200
87 120 0.0158 200
87 121 0.0158 200
87 122 0.0158 200
87 123 0.0158 200
87 124 0.0158 200
87 125 0.0158 200
87 126 0.0158 200
87 127 0.0158 200
87 128 0.0158 200
87 129 0.0158 200
87 130 0.0158 200
87 131 0.0158 200
87 132 0.0158 200
87 133 0.0158 200
87 134 0.0158 200
87 135 0.0158 200
87 136 0.0158 200
87 137 0.0158 200
87 138 0.0158 200
87 139 0.0158 200
87 140 0.0158 200
87 141 0.0158 200
87 142 0.0158 200
87 143 0.0158 200
88 80 0.0158 200
88 81 0.0158 200
88 82 0.0158 200
88 83 0.0158 200
88 84 0.0158 200
88 85 0.0158 200
88 86 0.0158 200
88 87 0.0158 200
88 89 0.0158 200
88 90 0.0158 200
88 91 0.0158 200
88 92 0.0158 200
88 93 0.0158 200
88 94 0.0158 200
88 95 0.0158 200
88 96 0.0158 200
88 97 0.0158 200
88 98 0.0158 200
88 99 0.0158 200
88 100 0.0158 200
88 101 0.0158 200
88 102 0.0158 200
88 103 0.0158 200
88 104 0.0158 200
88 105 0.0158 200
88 106 0.0158 200
88 107 0.0158 200
88 108 0.0158 200
88 109 0.0158 200
88 110 0.0158 200
88 111 0.0158 200
88 112 0.0158 200
88 113 0.0158 200
88 114 0.0158 200
88 115 0.0158 200
88 116 0.0158 200
88 117 0.0158 200
88 118 0.0158 200
88 119 0.0158 200
88 120 0.0158 200
88 121 0.0158 200
88 122 0.0158 200
88 123 0.0158 200
88 124 0.0158 200
88 125 0.0158 200
88 126 0.0158 200
88 127 0.0158 200
88 128 0.0158 200
88 129 0.0158 200
88 130 0.0158 200
88 131 0.0158 200
88 132 0.0158 200
88 133 0.0158 200
88 134 0.0158 200
88 135 0.0158 200
88 136 0.0158 200
88 137 0.0158 200
88 138 0.0158 200
88 139 0.0158 200
88 140 0.0158 200
88 141 0.0158 200
88 142 0.0158 200
88 143 0.0158 200
89 80 0.0158 200
89 81 0.0158 200
89 82 0.0158 200
89 83 0.0158 200
89 84 0.0158 200
89 85 0.0158 200
89 86 0.0158 200
89 87 0.0158 200
89 88 0.0158 200
89 90 0.0158 200
89 91 0.0158 200
89 92 0.0158 200
89 93 0.0158 200
89 94 0.0158 200
89 95 0.0158 200
89 96 0.0158 200
89 97 0.0158 200
89 98 0.0158 200
89 99 0.0158 200
89 100 0.0158 200
89 101 0.0158 200
89 102 0.0158 200
89 103 0.0158 200
89 104 0.0158 200
89 105 0.0158 200
89 106 0.0158 200
89 107 0.0158 200
89 108 0.0158 200
89 109 0.0158 200
89 110 0.0158 200
89 111 0.0158 200
89 112 0.0158 200
89 113 0.0158 200
89 114 0.0158 200
89 115 0.0158 200
89 116 0.0158 200
89 117 0.0158 200
89 118 0.0158 200
89 119 0.0158 200
89 120 0.0158 200
89 121 0.0158 200
89 122 0.0158 200
89 123 0.0158 200
89 124 0.0158 200
89 125 0.0158 200
89 126 0.0158 200
89 127 0.0158 200
89 128 0.0158 200
89 129 0.0158 200
89 130 0.0158 200
89 131 0.0158 200
89 132 0.0158 200
89 133 0.0158 200
89 134 0.0158 200
89 135 0.0158 200
89 136 0.0158 200
89 137 0.0158 200
89 138 0.0158 200
89 139 0.0158 200
89 140 0.0158 200
89 141 0.0158 200
89 142 0.0158 200
89 143 0.0158 200
90 80 0.0158 200
90 81 0.0158 200
90 82 0.0158 200
90 83 0.0158 200
90 84 0.0158 200
90 85 0.0158 200
90 86 0.0158 200
90 87 0.0158 200
90 88 0.0158 200
90 89 0.0158 200
90 91 0.0158 200
90 92 0.0158 200
90 93 0.0158 200
90 94 0.0158 200
90 95 0.0158 200
90 96 0.0158 200
90 97 0.0158 200
90 98 0.0158 200
90 99 0.0158 200
90 100 0.0158 200
90 101 0.0158 200
90 102 0.0158 200
90 103 0.0158 200
90 104 0.0158 200
90 105 0.0158 200
90 106 0.0158 200
90 107 0.0158 200
90 108 0.0158 200
90 109 0.0158 200
90 110 0.0158 200
90 111 0.0158 200
90 112 0.0158 200
90 113 0.0158 200
90 114 0.0158 200
90 115 0.0158 200
90 116 0.0158 200
90 117 0.0158 200
90 118 0.0158 200
90 119 0.0158 200
90 120 0.0158 200
90 121 0.0158 200
90 122 0.0158 200
90 123 0.0158 200
90 124 0.0158 200
90 125 0.0158 200
90 126 0.0158 200
90 127 0.0158 200
90 128 0.0158 200
90 129 0.0158 200
90 130 0.0158 200
90 131 0.0158 200
90 132 0.0158 200
90 133 0.0158 200
90 134 0.0158 200
90 135 0.0158 200
90 136 0.0158 200
90 137 0.0158 200
90 138 0.0158 200
90 139 0.0158 200
90 140 0.0158 200
90 141 0.0158 200
90 142 0.0158 200
90 143 0.0158 200
91 80 0.0158 200
91 81 0.0158 200
91 82 0.0158 200
91 83 0.0158 200
91 84 0.0158 200
91 85 0.0158 200
91 86 0.0158 200
91 87 0.0158 200
91 88 0.0158 200
91 89 0.0158 200
91 90 0.0158 200
91 92 0.0158 200
91 93 0.0158 200
91 94 0.0158 200
91 95 0.0158 200
91 96 0.0158 200
91 97 0.0158 200
91 98 0.0158 200
91 99 0.0158 200
91 100 0.0158 200
91 101 0.0158 200
91 102 0.0158 200
91 103 0.0158 200
91 104 0.0158 200
91 105 0.0158 200
91 106 0.0158 200
91 107 0.0158 200
91 108 0.0158 200
91 109 0.0158 200
91 110 0.0158 200
91 111 0.0158 200
91 112 0.0158 200
91 113 0.0158 200
91 114 0.0158 200
91 115 0.0158 200
91 116 0.0158 200
91 117 0.0158 200
91 118 0.0158 200
91 119 0.0158 200
91 120 0.0158 200
91 121 0.0158 200
91 122 0.0158 200
91 123 0.0158 200
91 124 0.0158 200
91 125 0.0158 200
91 126 0.0158 200
91 127 0.0158 200
91 128 0.0158 200
91 129 0.0158 200
91 130 0.0158 200
91 131 0.0158 200
91 132 0.0158 200
91 133 0.0158 200
91 134 0.0158 200
91 135 0.0158 200
91 136 0.0158 200
91 137 0.0158 200
91 138 0.0158 200
91 139 0.0158 200
91 140 0.0158 200
91 141 0.0158 200
91 142 0.0158 200
91 143 0.0158 200
92 80 0.0158 200
92 81 0.0158 200
92 82 0.0158 200
92 83 0.0158 200
92 84 0.0158 200
92 85 0.0158 200
92 86 0.0158 200
92 87 0.0158 200
92 88 0.0158 200
92 89 0.0158 200
92 90 0.0158 200
92 91 0.0158 200
92 93 0.0158 200
92 94 0.0158 200
92 95 0.0158 200
92 96 0.0158 200
92 97 0.0158 200
92 98 0.0158 200
92 99 0.0158 200
92 100 0.0158 200
92 101 0.0158 200
92 102 0.0158 200
92 103 0.0158 200
92 104 0.0158 200
92 105 0.0158 200
92 106 0.0158 200
92 107 0.0158 200
92 108 0.0158 200
92 109 0.0158 200
92 110 0.0158 200
92 111 0.0158 200
92 112 0.0158 200
92 113 0.0158 200
92 114 0.0158 200
92 115 0.0158 200
92 116 0.0158 200
92 117 0.0158 200
92 118 0.0158 200
92 119 0.0158 200
92 120 0.0158 200
92 121 0.0158 200
92 122 0.0158 200
92 123 0.0158 200
92 124 0.0158 200
92 125 0.0158 200
92 126 0.0158 200
92 127 0.0158 200
92 128 0.0158 200
92 129 0.0158 200
92 130 0.0158 200
92 131 0.0158 200
92 132 0.0158 200
92 133 0.0158 200
92 134 0.0158 200
92 135 0.0158 200
92 136 0.0158 200
92 137 0.0158 200
92 138 0.0158 200
92 139 0.0158 200
92 140 0.0158 200
92 141 0.0158 200
92 142 0.0158 200
92 143 0.0158 200
93 80 0.0158 200
93 81 0.0158 200
93 82 0.0158 200
93 83 0.0158 200
93 84 0.0158 200
93 85 0.0158 200
93 86 0.0158 200
93 87 0.0158 200
93 88 0.0158 200
93 89 0.0158 200
93 90 0.0158 200
93 91 0.0158 200
93 92 0.0158 200
93 94 0.0158 200
93 95 0.0158 200
93 96 0.0158 200
93 97 0.0158 200
93 98 0.0158 200
93 99 0.0158 200
93 100 0.0158 200
93 101 0.0158 200
93 102 0.0158 200
93 103 0.0158 200
93 104 0.0158 200
93 105 0.0158 200
93 106 0.0158 200
93 107 0.0158 200
93 108 0.0158 200
93 109 0.0158 200
93 110 0.0158 200
93 111 0.0158 200
93 112 0.0158 200
93 113 0.0158 200
93 114 0.0158 200
93 115 0.0158 200
93 116 0.0158 200
93 117 0.0158 200
93 118 0.0158 200
93 119 0.0158 200
93 120 0.0158 200
93 121 0.0158 200
93 122 0.0158 200
93 123 0.0158 200
93 124 0.0158 200
93 125 0.0158 200
93 126 0.0158 200
93 127 0.0158 200
93 128 0.0158 200
93 129 0.0158 200
93 130 0.0158 200
93 131 0.0158 200
93 132 0.0158 200
93 133 0.0158 200
93 134 0.0158 200
93 135 0.0158 200
93 136 0.0158 200
93 137 0.0158 200
93 138 0.0158 200
93 139 0.0158 200
93 140 0.0158 200
93 141 0.0158 200
93 142 0.0158 200
93 143 0.0158 200
94 80 0.0158 200
94 81 0.0158 200
94 82 0.0158 200
94 83 0.0158 200
94 84 0.0158 200
94 85 0.0158 200
94 86 0.0158 200
94 87 0.0158 200
94 88 0.0158 200
94 89 0.0158 200
94 90 0.0158 200
94 91 0.0158 200
94 92 0.0158 200
94 93 0.0158 200
94 95 0.0158 200
94 96 0.0158 200
94 97 0.0158 200
94 98 0.0158 200
94 99 0.0158 200
94 100 0.0158 200
94 101 0.0158 200
94 102 0.0158 200
94 103 0.0158 200
94 104 0.0158 200
94 105 0.0158 200
94 106 0.0158 200
94 107 0.0158 200
94 108 0.0158 200
94 109 0.0158 200
94 110 0.0158 200
94 111 0.0158 200
94 112 0.0158 200
94 113 0.0158 200
94 114 0.0158 200
94 115 0.0158 200
94 116 0.0158 200
94 117 0.0158 200
94 118 0.0158 200
94 119 0.0158 200
94 120 0.0158 200
94 121 0.0158 200
94 122 0.0158 200
94 123 0.0158 200
94 124 0.0158 200
94 125 0.0158 200
94 126 0.0158 200
94 127 0.0158 200
94 128 0.0158 200
94 129 0.0158 200
94 130 0.0158 200
94 131 0.0158 200
94 132 0.0158 200
94 133 0.0158 200
94 134 0.0158 200
94 135 0.0158 200
94 136 0.0158 200
94 137 0.0158 200
94 138 0.0158 200
94 139 0.0158 200
94 140 0.0158 200
94 141 0.0158 200
94 142 0.0158 200
94 143 0.0158 200
95 80 0.0158 200
95 81 0.0158 200
95 82 0.0158 200
95 83 0.0158 200
95 84 0.0158 200
95 85 0.0158 200
95 86 0.0158 200
95 87 0.0158 200
95 88 0.0158 200
95 89 0.0158 200
95 90 0.0158 200
95 91 0.0158 200
95 92 0.0158 200
95 93 0.0158 200
95 94 0.0158 200
95 96 0.0158 200
95 97 0.0158 200
95 98 0.0158 200
95 99 0.0158 200
95 100 0.0158 200
95 101 0.0158 200
95 102 0.0158 200
95 103 0.0158 200
95 104 0.0158 200
95 105 0.0158 200
95 106 0.0158 200
95 107 0.0158 200
95 108 0.0158 200
95 109 0.0158 200
95 110 0.0158 200
95 111 0.0158 200
95 112 0.0158 200
95 113 0.0158 200
95 114 0.0158 200
95 115 0.0158 200
95 116 0.0158 200
95 117 0.0158 200
95 118 0.0158 200
95 119 0.0158 200
95 120 0.0158 200
95 121 0.0158 200
95 122 0.0158 200
95 123 0.0158 200
95 124 0.0158 200
95 125 0.0158 200
95 126 0.0158 200
95 127 0.0158 200
95 128 0.0158 200
95 129 0.0158 200
95 130 0.0158 200
95 131 0.0158 200
95 132 0.0158 200
95 133 0.0158 200
95 134 0.0158 200
95 135 0.0158 200
95 136 0.0158 200
95 137 0.0158 200
95 138 0.0158 200
95 139 0.0158 200
95 140 0.0158 200
95 141 0.0158 200
95 142 0.0158 200
95 143 0.0158 200
96 80 0.0158 200
96 81 0.0158 200
96 82 0.0158 200
96 83 0.0158 200
96 84 0.0158 200
96 85 0.0158 200
96 86 0.0158 200
96 87 0.0158 200
96 88 0.0158 200
96 89 0.0158 200
96 90 0.0158 200
96 91 0.0158 200
96 92 0.0158 200
96 93 0.0158 200
96 94 0.0158 200
96 95 0.0158 200
96 97 0.0158 200
96 98 0.0158 200
96 99 0.0158 200
96 100 0.0158 200
96 101 0.0158 200
96 102 0.0158 200
96 103 0.0158 200
96 104 0.0158 200
96 105 0.0158 200
96 106 0.0158 200
96 107 0.0158 200
96 108 0.0158 200
96 109 0.0158 200
96 110 0.0158 200
96 111 0.0158 200
96 112 0.0158 200
96 113 0.0158 200
96 114 0.0158 200
96 115 0.0158 200
96 116 0.0158 200
96 117 0.0158 200
96 118 0.0158 200
96 119 0.0158 200
96 120 0.0158 200
96 121 0.0158 200
96 122 0.0158 200
96 123 0.0158 200
96 124 0.0158 200
96 125 0.0158 200
96 126 0.0158 200
96 127 0.0158 200
96 128 0.0158 200
96 129 0.0158 200
96 130 0.0158 200
96 131 0.0158 200
96 132 0.0158 200
96 133 0.0158 200
96 134 0.0158 200
96 135 0.0158 200
96 136 0.0158 200
96 137 0.0158 200
96 138 0.0158 200
96 139 0.0158 200
96 140 0.0158 200
96 141 0.0158 200
96 142 0.0158 200
96 143 0.0158 200
97 80 0.0158 200
97 81 0.0158 200
97 82 0.0158 200
97 83 0.0158 200
97 84 0.0158 200
97 85 0.0158 200
97 86 0.0158 200
97 87 0.0158 200
97 88 0.0158 200
97 89 0.0158 200
97 90 0.0158 200
97 91 0.0158 200
97 92 0.0158 200
97 93 0.0158 200
97 94 0.0158 200
97 95 0.0158 200
97 96 0.0158 200
97 98 0.0158 200
97 99 0.0158 200
97 100 0.0158 200
97 101 0.0158 200
97 102 0.0158 200
97 103 0.0158 200
97 104 0.0158 200
97 105 0.0158 200
97 106 0.0158 200
97 107 0.0158 200
97 108 0.0158 200
97 109 0.0158 200
97 110 0.0158 200
97 111 0.0158 200
97 112 0.0158 200
97 113 0.0158 200
97 114 0.0158 200
97 115 0.0158 200
97 116 0.0158 200
97 117 0.0158 200
97 118 0.0158 200
97 119 0.0158 200
97 120 0.0158 200
97 121 0.0158 200
97 122 0.0158 200
97 123 0.0158 200
97 124 0.0158 200
97 125 0.0158 200
97 126 0.0158 200
97 127 0.0158 200
97 128 0.0158 200
97 129 0.0158 200
97 130 0.0158 200
97 131 0.0158 200
97 132 0.0158 200
97 133 0.0158 200
97 134 0.0158 200
97 135 0.0158 200
97 136 0.0158 200
97 137 0.0158 200
97 138 0.0158 200
97 139 0.0158 200
97 140 0.0158 200
97 141 0.0158 200
97 142 0.0158 200
97 143 0.0158 200
98 80 0.0158 200
98 81 0.0158 200
98 82 0.0158 200
98 83 0.0158 200
98 84 0.0158 200
98 85 0.0158 200
98 86 0.0158 200
98 87 0.0158 200
98 88 0.0158 200
98 89 0.0158 200
98 90 0.0158 200
98 91 0.0158 200
98 92 0.0158 200
98 93 0.0158 200
98 94 0.0158 200
98 95 0.0158 200
98 96 0.0158 200
98 97 0.0158 200
98 99 0.0158 200
98 100 0.0158 200
98 101 0.0158 200
98 102 0.0158 200
98 103 0.0158 200
98 104 0.0158 200
98 105 0.0158 200
98 106 0.0158 200
98 107 0.0158 200
98 108 0.0158 200
98 109 0.0158 200
98 110 0.0158 200
98 111 0.0158 200
98 112 0.0158 200
98 113 0.0158 200
98 114 0.0158 200
98 115 0.0158 200
98 116 0.0158 200
98 117 0.0158 200
98 118 0.0158 200
98 119 0.0158 200
98 120 0.0158 200
98 121 0.0158 200
98 122 0.0158 200
98 123 0.0158 200
98 124 0.0158 200
98 125 0.0158 200
98 126 0.0158 200
98 127 0.0158 200
98 128 0.0158 200
98 129 0.0158 200
98 130 0.0158 200
98 131 0.0158 200
98 132 0.0158 200
98 133 0.0158 200
98 134 0.0158 200
98 135 0.0158 200
98 136 0.0158 200
98 137 0.0158 200
98 138 0.0158 200
98 139 0.0158 200
98 140 0.0158 200
98 141 0.0158 200
98 142 0.0158 200
98 143 0.0158 200
99 80 0.0158 200
99 81 0.0158 200
99 82 0.0158 200
99 83 0.0158 200
99 84 0.0158 200
99 85 0.0158 200
99 86 0.0158 200
99 87 0.0158 200
99 88 0.0158 200
99 89 0.0158 200
99 90 0.0158 200
99 91 0.0158 200
99 92 0.0158 200
99 93 0.0158 200
99 94 0.0158 200
99 95 0.0158 200
99 96 0.0158 200
99 97 0.0158 200
99 98 0.0158 200
99 100 0.0158 200
99 101 0.0158 200
99 102 0.0158 200
99 103 0.0158 200
99 104 0.0158 200
99 105 0.0158 200
99 106 0.0158 200
99 107 0.0158 200
99 108 0.0158 200
99 109 0.0158 200
99 110 0.0158 200
99 111 0.0158 200
99 112 0.0158 200
99 113 0.0158 200
99 114 0.0158 200
99 115 0.0158 200
99 116 0.0158 200
99 117 0.0158 200
99 118 0.0158 200
99 119 0.0158 200
99 120 0.0158 200
99 121 0.0158 200
99 122 0.0158 200
99 123 0.0158 200
99 124 0.0158 200
99 125 0.0158 200
99 126 0.0158 200
99 127 0.0158 200
99 128 0.0158 200
99 129 0.0158 200
99 130 0.0158 200
99 131 0.0158 200
99 132 0.0158 200
99 133 0.0158 200
99 134 0.0158 200
99 135 0.0158 200
99 136 0.0158 200
99 137 0.0158 200
99 138 0.0158 200
99 139 0.0158 200
99 140 0.0158 200
99 141 0.0158 200
99 142 0.0158 200
99 143 0.0158 200
100 80 0.0158 200
100 81 0.0158 200
100 82 0.0158 200
100 83 0.0158 200
100 84 0.0158 200
100 85 0.0158 200
100 86 0.0158 200
100 87 0.0158 200
100 88 0.0158 200
100 89 0.0158 200
100 90 0.0158 200
100 91 0.0158 200
100 92 0.0158 200
100 93 0.0158 200
100 94 0.0158 200
100 95 0.0158 200
100 96 0.0158 200
100 97 0.0158 200
100 98 0.0158 200
100 99 0.0158 200
100 101 0.0158 200
100 102 0.0158 200
100 103 0.0158 200
100 104 0.0158 200
100 105 0.0158 200
100 106 0.0158 200
100 107 0.0158 200
100 108 0.0158 200
100 109 0.0158 200
100 110 0.0158 200
100 111 0.0158 200
100 112 0.0158 200
100 113 0.0158 200
100 114 0.0158 200
100 115 0.0158 200
100 116 0.0158 200
100 117 0.0158 200
100 118 0.0158 200
100 119 0.0158 200
100 120 0.0158 200
100 121 0.0158 200
100 122 0.0158 200
100 123 0.0158 200
100 124 0.0158 200
100 125 0.0158 200
100 126 0.0158 200
100 127 0.0158 200
100 128 0.0158 200
100 129 0.0158 200
100 130 0.0158 200
100 131 0.0158 200
100 132 0.0158 200
100 133 0.0158 200
100 134 0.0158 200
100 135 0.0158 200
100 136 0.0158 200
100 137 0.0158 200
100 138 0.0158 200
100 139 0.0158 200
100 140 0.0158 200
100 141 0.0158 200
100 142 0.0158 200
100 143 0.0158 200
101 80 0.0158 200
101 81 0.0158 200
101 82 0.0158 200
101 83 0.0158 200
101 84 0.0158 200
101 85 0.0158 200
101 86 0.0158 200
101 87 0.0158 200
101 88 0.0158 200
101 89 0.0158 200
101 90 0.0158 200
101 91 0.0158 200
101 92 0.0158 200
101 93 0.0158 200
101 94 0.0158 200
101 95 0.0158 200
101 96 0.0158 200
101 97 0.0158 200
101 98 0.0158 200
101 99 0.0158 200
101 100 0.0158 200
101 102 0.0158 200
101 103 0.0158 200
101 104 0.0158 200
101 105 0.0158 200
101 106 0.0158 200
101 107 0.0158 200
101 108 0.0158 200
101 109 0.0158 200
101 110 0.0158 200
101 111 0.0158 200
101 112 0.0158 200
101 113 0.0158 200
101 114 0.0158 200
101 115 0.0158 200
101 116 0.0158 200
101 117 0.0158 200
101 118 0.0158 200
101 119 0.0158 200
101 120 0.0158 200
101 121 0.0158 200
101 122 0.0158 200
101 123 0.0158 200
101 124 0.0158 200
101 125 0.0158 200
101 126 0.0158 200
101 127 0.0158 200
101 128 0.0158 200
101 129 0.0158 200
101 130 0.0158 200
101 131 0.0158 200
101 132 0.0158 200
101 133 0.0158 200
101 134 0.0158 200
101 135 0.0158 200
101 136 0.0158 200
101 137 0.0158 200
101 138 0.0158 200
101 139 0.0158 200
101 140 0.0158 200
101 141 0.0158 200
101 142 0.0158 200
101 143 0.0158 200
102 80 0.0158 200
102 81 0.0158 200
102 82 0.0158 200
102 83 0.0158 200
102 84 0.0158 200
102 85 0.0158 200
102 86 0.0158 200
102 87 0.0158 200
102 88 0.0158 200
102 89 0.0158 200
102 90 0.0158 200
102 91 0.0158 200
102 92 0.0158 200
102 93 0.0158 200
102 94 0.0158 200
102 95 0.0158 200
102 96 0.0158 200
102 97 0.0158 200
102 98 0.0158 200
102 99 0.0158 200
102 100 0.0158 200
102 101 0.0158 200
102 103 0.0158 200
102 104 0.0158 200
102 105 0.0158 200
102 106 0.0158 200
102 107 0.0158 200
102 108 0.0158 200
102 109 0.0158 200
102 110 0.0158 200
102 111 0.0158 200
102 112 0.0158 200
102 113 0.0158 200
102 114 0.0158 200
102 115 0.0158 200
102 116 0.0158 200
102 117 0.0158 200
102 118 0.0158 200
102 119 0.0158 200
102 120 0.0158 200
102 121 0.0158 200
102 122 0.0158 200
102 123 0.0158 200
102 124 0.0158 200
102 125 0.0158 200
102 126 0.0158 200
102 127 0.0158 200
102 128 0.0158 200
102 129 0.0158 200
102 130 0.0158 200
102 131 0.0158 200
102 132 0.0158 200
102 133 0.0158 200
102 134 0.0158 200
102 135 0.0158 200
102 136 0.0158 200
102 137 0.0158 200
102 138 0.0158 200
102 139 0.0158 200
102 140 0.0158 200
102 141 0.0158 200
102 142 0.0158 200
102 143 0.0158 200
103 80 0.0158 200
103 81 0.0158 200
103 82 0.0158 200
103 83 0.0158 200
103 84 0.0158 200
103 85 0.0158 200
103 86 0.0158 200
103 87 0.0158 200
103 88 0.0158 200
103 89 0.0158 200
103 90 0.0158 200
103 91 0.0158 200
103 92 0.0158 200
103 93 0.0158 200
103 94 0.0158 200
103 95 0.0158 200
103 96 0.0158 200
103 97 0.0158 200
103 98 0.0158 200
103 99 0.0158 200
103 100 0.0158 200
103 101 0.0158 200
103 102 0.0158 200
103 104 0.0158 200
103 105 0.0158 200
103 106 0.0158 200
103 107 0.0158 200
103 108 0.0158 200
103 109 0.0158 200
103 110 0.0158 200
103 111 0.0158 200
103 112 0.0158 200
103 113 0.0158 200
103 114 0.0158 200
103 115 0.0158 200
103 116 0.0158 200
103 117 0.0158 200
103 118 0.0158 200
103 119 0.0158 200
103 120 0.0158 200
103 121 0.0158 200
103 122 0.0158 200
103 123 0.0158 200
103 124 0.0158 200
103 125 0.0158 200
103 126 0.0158 200
103 127 0.0158 200
103 128 0.0158 200
103 129 0.0158 200
103 130 0.0158 200
103 131 0.0158 200
103 132 0.0158 200
103 133 0.0158 200
103 134 0.0158 200
103 135 0.0158 200
103 136 0.0158 200
103 137 0.0158 200
103 138 0.0158 200
103 139 0.0158 200
103 140 0.0158 200
103 141 0.0158 200
103 142 0.0158 200
103 143 0.0158 200
104 80 0.0158 200
104 81 0.0158 200
104 82 0.0158 200
104 83 0.0158 200
104 84 0.0158 200
104 85 0.0158 200
104 86 0.0158 200
104 87 0.0158 200
104 88 0.0158 200
104 89 0.0158 200
104 90 0.0158 200
104 91 0.0158 200
104 92 0.0158 200
104 93 0.0158 200
104 94 0.0158 200
104 95 0.0158 200
104 96 0.0158 200
104 97 0.0158 200
104 98 0.0158 200
104 99 0.0158 200
104 100 0.0158 200
104 101 0.0158 200
104 102 0.0158 200
104 103 0.0158 200
104 105 0.0158 200
104 106 0.0158 200
104 107 0.0158 200
104 108 0.0158 200
104 109 0.0158 200
104 110 0.0158 200
104 111 0.0158 200
104 112 0.0158 200
104 113 0.0158 200
104 114 0.0158 200
104 115 0.0158 200
104 116 0.0158 200
104 117 0.0158 200
104 118 0.0158 200
104 119 0.0158 200
104 120 0.0158 200
104 121 0.0158 200
104 122 0.0158 200
104 123 0.0158 200
104 124 0.0158 200
104 125 0.0158 200
104 126 0.0158 200
104 127 0.0158 200
104 128 0.0158 200
104 129 0.0158 200
104 130 0.0158 200
104 131 0.0158 200
104 132 0.0158 200
104 133 0.0158 200
104 134 0.0158 200
104 135 0.0158 200
104 136 0.0158 200
104 137 0.0158 200
104 138 0.0158 200
104 139 0.0158 200
104 140 0.0158 200
104 141 0.0158 200
104 142 0.0158 200
104 143 0.0158 200
105 80 0.0158 200
105 81 0.0158 200
105 82 0.0158 200
105 83 0.0158 200
105 84 0.0158 200
105 85 0.0158 200
105 86 0.0158 200
105 87 0.0158 200
105 88 0.0158 200
105 89 0.0158 200
105 90 0.0158 200
105 91 0.0158 200
105 92 0.0158 200
105 93 0.0158 200
105 94 0.0158 200
105 95 0.0158 200
105 96 0.0158 200
105 97 0.0158 200
105 98 0.0158 200
105 99 0.0158 200
105 100 0.0158 200
105 101 0.0158 200
105 102 0.0158 200
105 103 0.0158 200
105 104 0.0158 200
105 106 0.0158 200
105 107 0.0158 200
105 108 0.0158 200
105 109 0.0158 200
105 110 0.0158 200
105 111 0.0158 200
105 112 0.0158 200
105 113 0.0158 200
105 114 0.0158 200
105 115 0.0158 200
105 116 0.0158 200
105 117 0.0158 200
105 118 0.0158 200
105 119 0.0158 200
105 120 0.0158 200
105 121 0.0158 200
105 122 0.0158 200
105 123 0.0158 200
105 124 0.0158 200
105 125 0.0158 200
105 126 0.0158 200
105 127 0.0158 200
105 128 0.0158 200
105 129 0.0158 200
105 130 0.0158 200
105 131 0.0158 200
105 132 0.0158 200
105 133 0.0158 200
105 134 0.0158 200
105 135 0.0158 200
105 136 0.0158 200
105 137 0.0158 200
105 138 0.0158 200
105 139 0.0158 200
105 140 0.0158 200
105 141 0.0158 200
105 142 0.0158 200
105 143 0.0158 200
106 80 0.0158 200
106 81 0.0158 200
106 82 0.0158 200
106 83 0.0158 200
106 84 0.0158 200
106 85 0.0158 200
106 86 0.0158 200
106 87 0.0158 200
106 88 0.0158 200
106 89 0.0158 200
106 90 0.0158 200
106 91 0.0158 200
106 92 0.0158 200
106 93 0.0158 200
106 94 0.0158 200
106 95 0.0158 200
106 96 0.0158 200
106 97 0.0158 200
106 98 0.0158 200
106 99 0.0158 200
106 100 0.0158 200
106 101 0.0158 200
106 102 0.0158 200
106 103 0.0158 200
106 104 0.0158 200
106 105 0.0158 200
106 107 0.0158 200
106 108 0.0158 200
106 109 0.0158 200
106 110 0.0158 200
106 111 0.0158 200
106 112 0.0158 200
106 113 0.0158 200
106 114 0.0158 200
106 115 0.0158 200
106 116 0.0158 200
106 117 0.0158 200
106 118 0.0158 200
106 119 0.0158 200
106 120 0.0158 200
106 121 0.0158 200
106 122 0.0158 200
106 123 0.0158 200
106 124 0.0158 200
106 125 0.0158 200
106 126 0.0158 200
106 127 0.0158 200
106 128 0.0158 200
106 129 0.0158 200
106 130 0.0158 200
106 131 0.0158 200
106 132 0.0158 200
106 133 0.0158 200
106 134 0.0158 200
106 135 0.0158 200
106 136 0.0158 200
106 137 0.0158 200
106 138 0.0158 200
106 139 0.0158 200
106 140 0.0158 200
106 141 0.0158 200
106 142 0.0158 200
106 143 0.0158 200
107 80 0.0158 200
107 81 0.0158 200
107 82 0.0158 200
107 83 0.0158 200
107 84 0.0158 200
107 85 0.0158 200
107 86 0.0158 200
107 87 0.0158 200
107 88 0.0158 200
107 89 0.0158 200
107 90 0.0158 200
107 91 0.0158 200
107 92 0.0158 200
107 93 0.0158 200
107 94 0.0158 200
107 95 0.0158 200
107 96 0.0158 200
107 97 0.0158 200
107 98 0.0158 200
107 99 0.0158 200
107 100 0.0158 200
107 101 0.0158 200
107 102 0.0158 200
107 103 0.0158 200
107 104 0.0158 200
107 105 0.0158 200
107 106 0.0158 200
107 108 0.0158 200
107 109 0.0158 200
107 110 0.0158 200
107 111 0.0158 200
107 112 0.0158 200
107 113 0.0158 200
107 114 0.0158 200
107 115 0.0158 200
107 116 0.0158 200
107 117 0.0158 200
107 118 0.0158 200
107 119 0.0158 200
107 120 0.0158 200
107 121 0.0158 200
107 122 0.0158 200
107 123 0.0158 200
107 124 0.0158 200
107 125 0.0158 200
107 126 0.0158 200
107 127 0.0158 200
107 128 0.0158 200
107 129 0.0158 200
107 130 0.0158 200
107 131 0.0158 200
107 132 0.0158 200
107 133 0.0158 200
107 134 0.0158 200
107 135 0.0158 200
107 136 0.0158 200
107 137 0.0158 200
107 138 0.0158 200
107 139 0.0158 200
107 140 0.0158 200
107 141 0.0158 200
107 142 0.0158 200
107 143 0.0158 200
108 80 0.0158 200
108 81 0.0158 200
108 82 0.0158 200
108 83 0.0158 200
108 84 0.0158 200
108 85 0.0158 200
108 86 0.0158 200
108 87 0.0158 200
108 88 0.0158 200
108 89 0.0158 200
108 90 0.0158 200
108 91 0.0158 200
108 92 0.0158 200
108 93 0.0158 200
108 94 0.0158 200
108 95 0.0158 200
108 96 0.0158 200
108 97 0.0158 200
108 98 0.0158 200
108 99 0.0158 200
108 100 0.0158 200
108 101 0.0158 200
108 102 0.0158 200
108 103 0.0158 200
108 104 0.0158 200
108 105 0.0158 200
108 106 0.0158 200
108 107 0.0158 200
108 109 0.0158 200
108 110 0.0158 200
108 111 0.0158 200
108 112 0.0158 200
108 113 0.0158 200
108 114 0.0158 200
108 115 0.0158 200
108 116 0.0158 200
108 117 0.0158 200
108 118 0.0158 200
108 119 0.0158 200
108 120 0.0158 200
108 121 0.0158 200
108 122 0.0158 200
108 123 0.0158 200
108 124 0.0158 200
108 125 0.0158 200
108 126 0.0158 200
108 127 0.0158 200
108 128 0.0158 200
108 129 0.0158 200
108 130 0.0158 200
108 131 0.0158 200
108 132 0.0158 200
108 133 0.0158 200
108 134 0.0158 200
108 135 0.0158 200
108 136 0.0158 200
108 137 0.0158 200
108 138 0.0158 200
108 139 0.0158 200
108 140 0.0158 200
108 141 0.0158 200
108 142 0.0158 200
108 143 0.0158 200
109 80 0.0158 200
109 81 0.0158 200
109 82 0.0158 200
109 83 0.0158 200
109 84 0.0158 200
109 85 0.0158 200
109 86 0.0158 200
109 87 0.0158 200
109 88 0.0158 200
109 89 0.0158 200
109 90 0.0158 200
109 91 0.0158 200
109 92 0.0158 200
109 93 0.0158 200
109 94 0.0158 200
109 95 0.0158 200
109 96 0.0158 200
109 97 0.0158 200
109 98 0.0158 200
109 99 0.0158 200
109 100 0.0158 200
109 101 0.0158 200
109 102 0.0158 200
109 103 0.0158 200
109 104 0.0158 200
109 105 0.0158 200
109 106 0.0158 200
109 107 0.0158 200
109 108 0.0158 200
109 110 0.0158 200
109 111 0.0158 200
109 112 0.0158 200
109 113 0.0158 200
109 114 0.0158 200
109 115 0.0158 200
109 116 0.0158 200
109 117 0.0158 200
109 118 0.0158 200
109 119 0.0158 200
109 120 0.0158 200
109 121 0.0158 200
109 122 0.0158 200
109 123 0.0158 200
109 124 0.0158 200
109 125 0.0158 200
109 126 0.0158 200
109 127 0.0158 200
109 128 0.0158 200
109 129 0.0158 200
109 130 0.0158 200
109 131 0.0158 200
109 132 0.0158 200
109 133 0.0158 200
109 134 0.0158 200
109 135 0.0158 200
109 136 0.0158 200
109 137 0.0158 200
109 138 0.0158 200
109 139 0.0158 200
109 140 0.0158 200
109 141 0.0158 200
109 142 0.0158 200
109 143 0.0158 200
110 80 0.0158 200
110 81 0.0158 200
110 82 0.0158 200
110 83 0.0158 200
110 84 0.0158 200
110 85 0.0158 200
110 86 0.0158 200
110 87 0.0158 200
110 88 0.0158 200
110 89 0.0158 200
110 90 0.0158 200
110 91 0.0158 200
110 92 0.0158 200
110 93 0.0158 200
110 94 0.0158 200
110 95 0.0158 200
110 96 0.0158 200
110 97 0.0158 200
110 98 0.0158 200
110 99 0.0158 200
110 100 0.0158 200
110 101 0.0158 200
110 102 0.0158 200
110 103 0.0158 200
110 104 0.0158 200
110 105 0.0158 200
110 106 0.0158 200
110 107 0.0158 200
110 108 0.0158 200
110 109 0.0158 200
110 111 0.0158 200
110 112 0.0158 200
110 113 0.0158 200
110 114 0.0158 200
110 115 0.0158 200
110 116 0.0158 200
110 117 0.0158 200
110 118 0.0158 200
110 119 0.0158 200
110 120 0.0158 200
110 121 0.0158 200
110 122 0.0158 200
110 123 0.0158 200
110 124 0.0158 200
110 125 0.0158 200
110 126 0.0158 200
110 127 0.0158 200
110 128 0.0158 200
110 129 0.0158 200
110 130 0.0158 200
110 131 0.0158 200
110 132 0.0158 200
110 133 0.0158 200
110 134 0.0158 200
110 135 0.0158 200
110 136 0.0158 200
110 137 0.0158 200
110 138 0.0158 200
110 139 0.0158 200
110 140 0.0158 200
110 141 0.0158 200
110 142 0.0158 200
110 143 0.0158 200
111 80 0.0158 200
111 81 0.0158 200
111 82 0.0158 200
111 83 0.0158 200
111 84 0.0158 200
111 85 0.0158 200
111 86 0.0158 200
111 87 0.0158 200
111 88 0.0158 200
111 89 0.0158 200
111 90 0.0158 200
111 91 0.0158 200
111 92 0.0158 200
111 93 0.0158 200
111 94 0.0158 200
111 95 0.0158 200
111 96 0.0158 200
111 97 0.0158 200
111 98 0.0158 200
111 99 0.0158 200
111 100 0.0158 200
111 101 0.0158 200
111 102 0.0158 200
111 103 0.0158 200
111 104 0.0158 200
111 105 0.0158 200
111 106 0.0158 200
111 107 0.0158 200
111 108 0.0158 200
111 109 0.0158 200
111 110 0.0158 200
111 112 0.0158 200
111 113 0.0158 200
111 114 0.0158 200
111 115 0.0158 200
111 116 0.0158 200
111 117 0.0158 200
111 118 0.0158 200
111 119 0.0158 200
111 120 0.0158 200
111 121 0.0158 200
111 122 0.0158 200
111 123 0.0158 200
111 124 0.0158 200
111 125 0.0158 200
111 126 0.0158 200
111 127 0.0158 200
111 128 0.0158 200
111 129 0.0158 200
111 130 0.0158 200
111 131 0.0158 200
111 132 0.0158 200
111 133 0.0158 200
111 134 0.0158 200
111 135 0.0158 200
111 136 0.0158 200
111 137 0.0158 200
111 138 0.0158 200
111 139 0.0158 200
111 140 0.0158 200
111 141 0.0158 200
111 142 0.0158 200
111 143 0.0158 200
112 80 0.0158 200
112 81 0.0158 200
112 82 0.0158 200
112 83 0.0158 200
112 84 0.0158 200
112 85 0.0158 200
112 86 0.0158 200
112 87 0.0158 200
112 88 0.0158 200
112 89 0.0158 200
112 90 0.0158 200
112 91 0.0158 200
112 92 0.0158 200
112 93 0.0158 200
112 94 0.0158 200
112 95 0.0158 200
112 96 0.0158 200
112 97 0.0158 200
112 98 0.0158 200
112 99 0.0158 200
112 100 0.0158 200
112 101 0.0158 200
112 102 0.0158 200
112 103 0.0158 200
112 104 0.0158 200
112 105 0.0158 200
112 106 0.0158 200
112 107 0.0158 200
112 108 0.0158 200
112 109 0.0158 200
112 110 0.0158 200
112 111 0.0158 200
112 113 0.0158 200
112 114 0.0158 200
112 115 0.0158 200
112 116 0.0158 200
112 117 0.0158 200
112 118 0.0158 200
112 119 0.0158 200
112 120 0.0158 200
112 121 0.0158 200
112 122 0.0158 200
112 123 0.0158 200
112 124 0.0158 200
112 125 0.0158 200
112 126 0.0158 200
112 127 0.0158 200
112 128 0.0158 200
112 129 0.0158 200
112 130 0.0158 200
112 131 0.0158 200
112 132 0.0158 200
112 133 0.0158 200
112 134 0.0158 200
112 135 0.0158 200
112 136 0.0158 200
112 137 0.0158 200
112 138 0.0158 200
112 139 0.0158 200
112 140 0.0158 200
112 141 0.0158 200
112 142 0.0158 200
112 143 0.0158 200
113 80 0.0158 200
113 81 0.0158 200
113 82 0.0158 200
113 83 0.0158 200
113 84 0.0158 200
113 85 0.0158 200
113 86 0.0158 200
113 87 0.0158 200
113 88 0.0158 200
113 89 0.0158 200
113 90 0.0158 200
113 91 0.0158 200
113 92 0.0158 200
113 93 0.0158 200
113 94 0.0158 200
113 95 0.0158 200
113 96 0.0158 200
113 97 0.0158 200
113 98 0.0158 200
113 99 0.0158 200
113 100 0.0158 200
113 101 0.0158 200
113 102 0.0158 200
113 103 0.0158 200
113 104 0.0158 200
113 105 0.0158 200
113 106 0.0158 200
113 107 0.0158 200
113 108 0.0158 200
113 109 0.0158 200
113 110 0.0158 200
113 111 0.0158 200
113 112 0.0158 200
113 114 0.0158 200
113 115 0.0158 200
113 116 0.0158 200
113 117 0.0158 200
113 118 0.0158 200
113 119 0.0158 200
113 120 0.0158 200
113 121 0.0158 200
113 122 0.0158 200
113 123 0.0158 200
113 124 0.0158 200
113 125 0.0158 200
113 126 0.0158 200
113 127 0.0158 200
113 128 0.0158 200
113 129 0.0158 200
113 130 0.0158 200
113 131 0.0158 200
113 132 0.0158 200
113 133 0.0158 200
113 134 0.0158 200
113 135 0.0158 200
113 136 0.0158 200
113 137 0.0158 200
113 138 0.0158 200
113 139 0.0158 200
113 140 0.0158 200
113 141 0.0158 200
113 142 0.0158 200
113 143 0.0158 200
114 80 0.0158 200
114 81 0.0158 200
114 82 0.0158 200
114 83 0.0158 200
114 84 0.0158 200
114 85 0.0158 200
114 86 0.0158 200
114 87 0.0158 200
114 88 0.0158 200
114 89 0.0158 200
114 90 0.0158 200
114 91 0.0158 200
114 92 0.0158 200
114 93 0.0158 200
114 94 0.0158 200
114 95 0.0158 200
114 96 0.0158 200
114 97 0.0158 200
114 98 0.0158 200
114 99 0.0158 200
114 100 0.0158 200
114 101 0.0158 200
114 102 0.0158 200
114 103 0.0158 200
114 104 0.0158 200
114 105 0.0158 200
114 106 0.0158 200
114 107 0.0158 200
114 108 0.0158 200
114 109 0.0158 200
114 110 0.0158 200
114 111 0.0158 200
114 112 0.0158 200
114 113 0.0158 200
114 115 0.0158 200
114 116 0.0158 200
114 117 0.0158 200
114 118 0.0158 200
114 119 0.0158 200
114 120 0.0158 200
114 121 0.0158 200
114 122 0.0158 200
114 123 0.0158 200
114 124 0.0158 200
114 125 0.0158 200
114 126 0.0158 200
114 127 0.0158 200
114 128 0.0158 200
114 129 0.0158 200
114 130 0.0158 200
114 131 0.0158 200
114 132 0.0158 200
114 133 0.0158 200
114 134 0.0158 200
114 135 0.0158 200
114 136 0.0158 200
114 137 0.0158 200
114 138 0.0158 200
114 139 0.0158 200
114 140 0.0158 200
114 141 0.0158 200
114 142 0.0158 200
114 143 0.0158 200
115 80 0.0158 200
115 81 0.0158 200
115 82 0.0158 200
115 83 0.0158 200
115 84 0.0158 200
115 85 0.0158 200
115 86 0.0158 200
115 87 0.0158 200
115 88 0.0158 200
115 89 0.0158 200
115 90 0.0158 200
115 91 0.0158 200
115 92 0.0158 200
115 93 0.0158 200
115 94 0.0158 200
115 95 0.0158 200
115 96 0.0158 200
115 97 0.0158 200
115 98 0.0158 200
115 99 0.0158 200
115 100 0.0158 200
115 101 0.0158 200
115 102 0.0158 200
115 103 0.0158 200
115 104 0.0158 200
115 105 0.0158 200
115 106 0.0158 200
115 107 0.0158 200
115 108 0.0158 200
115 109 0.0158 200
115 110 0.0158 200
115 111 0.0158 200
115 112 0.0158 200
115 113 0.0158 200
115 114 0.0158 200
115 116 0.0158 200
115 117 0.0158 200
115 118 0.0158 200
115 119 0.0158 200
115 120 0.0158 200
115 121 0.0158 200
115 122 0.0158 200
115 123 0.0158 200
115 124 0.0158 200
115 125 0.0158 200
115 126 0.0158 200
115 127 0.0158 200
115 128 0.0158 200
115 129 0.0158 200
115 130 0.0158 200
115 131 0.0158 200
115 132 0.0158 200
115 133 0.0158 200
115 134 0.0158 200
115 135 0.0158 200
115 136 0.0158 200
115 137 0.0158 200
115 138 0.0158 200
115 139 0.0158 200
115 140 0.0158 200
115 141 0.0158 200
115 142 0.0158 200
115 143 0.0158 200
116 80 0.0158 200
116 81 0.0158 200
116 82 0.0158 200
116 83 0.0158 200
116 84 0.0158 200
116 85 0.0158 200
116 86 0.0158 200
116 87 0.0158 200
116 88 0.0158 200
116 89 0.0158 200
116 90 0.0158 200
116 91 0.0158 200
116 92 0.0158 200
116 93 0.0158 200
116 94 0.0158 200
116 95 0.0158 200
116 96 0.0158 200
116 97 0.0158 200
116 98 0.0158 200
116 99 0.0158 200
116 100 0.0158 200
116 101 0.0158 200
116 102 0.0158 200
116 103 0.0158 200
116 104 0.0158 200
116 105 0.0158 200
116 106 0.0158 200
116 107 0.0158 200
116 108 0.0158 200
116 109 0.0158 200
116 110 0.0158 200
116 111 0.0158 200
116 112 0.0158 200
116 113 0.0158 200
116 114 0.0158 200
116 115 0.0158 200
116 117 0.0158 200
116 118 0.0158 200
116 119 0.0158 200
116 120 0.0158 200
116 121 0.0158 200
116 122 0.0158 200
116 123 0.0158 200
116 124 0.0158 200
116 125 0.0158 200
116 126 0.0158 200
116 127 0.0158 200
116 128 0.0158 200
116 129 0.0158 200
116 130 0.0158 200
116 131 0.0158 200
116 132 0.0158 200
116 133 0.0158 200
116 134 0.0158 200
116 135 0.0158 200
116 136 0.0158 200
116 137 0.0158 200
116 138 0.0158 200
116 139 0.0158 200
116 140 0.0158 200
116 141 0.0158 200
116 142 0.0158 200
116 143 0.0158 200
117 80 0.0158 200
117 81 0.0158 200
117 82 0.0158 200
117 83 0.0158 200
117 84 0.0158 200
117 85 0.0158 200
117 86 0.0158 200
117 87 0.0158 200
117 88 0.0158 200
117 89 0.0158 200
117 90 0.0158 200
117 91 0.0158 200
117 92 0.0158 200
117 93 0.0158 200
117 94 0.0158 200
117 95 0.0158 200
117 96 0.0158 200
117 97 0.0158 200
117 98 0.0158 200
117 99 0.0158 200
117 100 0.0158 200
117 101 0.0158 200
117 102 0.0158 200
117 103 0.0158 200
117 104 0.0158 200
117 105 0.0158 200
117 106 0.0158 200
117 107 0.0158 200
117 108 0.0158 200
117 109 0.0158 200
117 110 0.0158 200
117 111 0.0158 200
117 112 0.0158 200
117 113 0.0158 200
117 114 0.0158 200
117 115 0.0158 200
117 116 0.0158 200
117 118 0.0158 200
117 119 0.0158 200
117 120 0.0158 200
117 121 0.0158 200
117 122 0.0158 200
117 123 0.0158 200
117 124 0.0158 200
117 125 0.0158 200
117 126 0.0158 200
117 127 0.0158 200
117 128 0.0158 200
117 129 0.0158 200
117 130 0.0158 200
117 131 0.0158 200
117 132 0.0158 200
117 133 0.0158 200
117 134 0.0158 200
117 135 0.0158 200
117 136 0.0158 200
117 137 0.0158 200
117 138 0.0158 200
117 139 0.0158 200
117 140 0.0158 200
117 141 0.0158 200
117 142 0.0158 200
117 143 0.0158 200
118 80 0.0158 200
118 81 0.0158 200
118 82 0.0158 200
118 83 0.0158 200
118 84 0.0158 200
118 85 0.0158 200
118 86 0.0158 200
118 87 0.0158 200
118 88 0.0158 200
118 89 0.0158 200
118 90 0.0158 200
118 91 0.0158 200
118 92 0.0158 200
118 93 0.0158 200
118 94 0.0158 200
118 95 0.0158 200
118 96 0.0158 200
118 97 0.0158 200
118 98 0.0158 200
118 99 0.0158 200
118 100 0.0158 200
118 101 0.0158 200
118 102 0.0158 200
118 103 0.0158 200
118 104 0.0158 200
118 105 0.0158 200
118 106 0.0158 200
118 107 0.0158 200
118 108 0.0158 200
118 109 0.0158 200
118 110 0.0158 200
118 111 0.0158 200
118 112 0.0158 200
118 113 0.0158 200
118 114 0.0158 200
118 115 0.0158 200
118 116 0.0158 200
118 117 0.0158 200
118 119 0.0158 200
118 120 0.0158 200
118 121 0.0158 200
118 122 0.0158 200
118 123 0.0158 200
118 124 0.0158 200
118 125 0.0158 200
118 126 0.0158 200
118 127 0.0158 200
118 128 0.0158 200
118 129 0.0158 200
118 130 0.0158 200
118 131 0.0158 200
118 132 0.0158 200
118 133 0.0158 200
118 134 0.0158 200
118 135 0.0158 200
118 136 0.0158 200
118 137 0.0158 200
118 138 0.0158 200
118 139 0.0158 200
118 140 0.0158 200
118 141 0.0158 200
118 142 0.0158 200
118 143 0.0158 200
119 80 0.0158 200
119 81 0.0158 200
119 82 0.0158 200
119 83 0.0158 200
119 84 0.0158 200
119 85 0.0158 200
119 86 0.0158 200
119 87 0.0158 200
119 88 0.0158 200
119 89 0.0158 200
119 90 0.0158 200
119 91 0.0158 200
119 92 0.0158 200
119 93 0.0158 200
119 94 0.0158 200
119 95 0.0158 200
119 96 0.0158 200
119 97 0.0158 200
119 98 0.0158 200
119 99 0.0158 200
119 100 0.0158 200
119 101 0.0158 200
119 102 0.0158 200
119 103 0.0158 200
119 104 0.0158 200
119 105 0.0158 200
119 106 0.0158 200
119 107 0.0158 200
119 108 0.0158 200
119 109 0.0158 200
119 110 0.0158 200
119 111 0.0158 200
119 112 0.0158 200
119 113 0.0158 200
119 114 0.0158 200
119 115 0.0158 200
119 116 0.0158 200
119 117 0.0158 200
119 118 0.0158 200
119 120 0.0158 200
119 121 0.0158 200
119 122 0.0158 200
119 123 0.0158 200
119 124 0.0158 200
119 125 0.0158 200
119 126 0.0158 200
119 127 0.0158 200
119 128 0.0158 200
119 129 0.0158 200
119 130 0.0158 200
119 131 0.0158 200
119 132 0.0158 200
119 133 0.0158 200
119 134 0.0158 200
119 135 0.0158 200
119 136 0.0158 200
119 137 0.0158 200
119 138 0.0158 200
119 139 0.0158 200
119 140 0.0158 200
119 141 0.0158 200
119 142 0.0158 200
119 143 0.0158 200
120 80 0.0158 200
120 81 0.0158 200
120 82 0.0158 200
120 83 0.0158 200
120 84 0.0158 200
120 85 0.0158 200
120 86 0.0158 200
120 87 0.0158 200
120 88 0.0158 200
120 89 0.0158 200
120 90 0.0158 200
120 91 0.0158 200
120 92 0.0158 200
120 93 0.0158 200
120 94 0.0158 200
120 95 0.0158 200
120 96 0.0158 200
120 97 0.0158 200
120 98 0.0158 200
120 99 0.0158 200
120 100 0.0158 200
120 101 0.0158 200
120 102 0.0158 200
120 103 0.0158 200
120 104 0.0158 200
120 105 0.0158 200
120 106 0.0158 200
120 107 0.0158 200
120 108 0.0158 200
120 109 0.0158 200
120 110 0.0158 200
120 111 0.0158 200
120 112 0.0158 200
120 113 0.0158 200
120 114 0.0158 200
120 115 0.0158 200
120 116 0.0158 200
120 117 0.0158 200
120 118 0.0158 200
120 119 0.0158 200
120 121 0.0158 200
120 122 0.0158 200
120 123 0.0158 200
120 124 0.0158 200
120 125 0.0158 200
120 126 0.0158 200
120 127 0.0158 200
120 128 0.0158 200
120 129 0.0158 200
120 130 0.0158 200
120 131 0.0158 200
120 132 0.0158 200
120 133 0.0158 200
120 134 0.0158 200
120 135 0.0158 200
120 136 0.0158 200
120 137 0.0158 200
120 138 0.0158 200
120 139 0.0158 200
120 140 0.0158 200
120 141 0.0158 200
120 142 0.0158 200
120 143 0.0158 200
121 80 0.0158 200
121 81 0.0158 200
121 82 0.0158 200
121 83 0.0158 200
121 84 0.0158 200
121 85 0.0158 200
121 86 0.0158 200
121 87 0.0158 200
121 88 0.0158 200
121 89 0.0158 200
121 90 0.0158 200
121 91 0.0158 200
121 92 0.0158 200
121 93 0.0158 200
121 94 0.0158 200
121 95 0.0158 200
121 96 0.0158 200
121 97 0.0158 200
121 98 0.0158 200
121 99 0.0158 200
121 100 0.0158 200
121 101 0.0158 200
121 102 0.0158 200
121 103 0.0158 200
121 104 0.0158 200
121 105 0.0158 200
121 106 0.0158 200
121 107 0.0158 200
121 108 0.0158 200
121 109 0.0158 200
121 110 0.0158 200
121 111 0.0158 200
121 112 0.0158 200
121 113 0.0158 200
121 114 0.0158 200
121 115 0.0158 200
121 116 0.0158 200
121 117 0.0158 200
121 118 0.0158 200
121 119 0.0158 200
121 120 0.0158 200
121 122 0.0158 200
121 123 0.0158 200
121 124 0.0158 200
121 125 0.0158 200
121 126 0.0158 200
121 127 0.0158 200
121 128 0.0158 200
121 129 0.0158 200
121 130 0.0158 200
121 131 0.0158 200
121 132 0.0158 200
121 133 0.0158 200
121 134 0.0158 200
121 135 0.0158 200
121 136 0.0158 200
121 137 0.0158 200
121 138 0.0158 200
121 139 0.0158 200
121 140 0.0158 200
121 141 0.0158 200
121 142 0.0158 200
121 143 0.0158 200
122 80 0.0158 200
122 81 0.0158 200
122 82 0.0158 200
122 83 0.0158 200
122 84 0.0158 200
122 85 0.0158 200
122 86 0.0158 200
122 87 0.0158 200
122 88 0.0158 200
122 89 0.0158 200
122 90 0.0158 200
122 91 0.0158 200
122 92 0.0158 200
122 93 0.0158 200
122 94 0.0158 200
122 95 0.0158 200
122 96 0.0158 200
122 97 0.0158 200
122 98 0.0158 200
122 99 0.0158 200
122 100 0.0158 200
122 101 0.0158 200
122 102 0.0158 200
122 103 0.0158 200
122 104 0.0158 200
122 105 0.0158 200
122 106 0.0158 200
122 107 0.0158 200
122 108 0.0158 200
122 109 0.0158 200
122 110 0.0158 200
122 111 0.0158 200
122 112 0.0158 200
122 113 0.0158 200
122 114 0.0158 200
122 115 0.0158 200
122 116 0.0158 200
122 117 0.0158 200
122 118 0.0158 200
122 119 0.0158 200
122 120 0.0158 200
122 121 0.0158 200
122 123 0.0158 200
122 124 0.0158 200
122 125 0.0158 200
122 126 0.0158 200
122 127 0.0158 200
122 128 0.0158 200
122 129 0.0158 200
122 130 0.0158 200
122 131 0.0158 200
122 132 0.0158 200
122 133 0.0158 200
122 134 0.0158 200
122 135 0.0158 200
122 136 0.0158 200
122 137 0.0158 200
122 138 0.0158 200
122 139 0.0158 200
122 140 0.0158 200
122 141 0.0158 200
122 142 0.0158 200
122 143 0.0158 200
123 80 0.0158 200
123 81 0.0158 200
123 82 0.0158 200
123 83 0.0158 200
123 84 0.0158 200
123 85 0.0158 200
123 86 0.0158 200
123 87 0.0158 200
123 88 0.0158 200
123 89 0.0158 200
123 90 0.0158 200
123 91 0.0158 200
123 92 0.0158 200
123 93 0.0158 200
123 94 0.0158 200
123 95 0.0158 200
123 96 0.0158 200
123 97 0.0158 200
123 98 0.0158 200
123 99 0.0158 200
123 100 0.0158 200
123 101 0.0158 200
123 102 0.0158 200
123 103 0.0158 200
123 104 0.0158 200
123 105 0.0158 200
123 106 0.0158 200
123 107 0.0158 200
123 108 0.0158 200
123 109 0.0158 200
123 110 0.0158 200
123 111 0.0158 200
123 112 0.0158 200
123 113 0.0158 200
123 114 0.0158 200
123 115 0.0158 200
123 116 0.0158 200
123 117 0.0158 200
123 118 0.0158 200
123 119 0.0158 200
123 120 0.0158 200
123 121 0.0158 200
123 122 0.0158 200
123 124 0.0158 200
123 125 0.0158 200
123 126 0.0158 200
123 127 0.0158 200
123 128 0.0158 200
123 129 0.0158 200
123 130 0.0158 200
123 131 0.0158 200
123 132 0.0158 200
123 133 0.0158 200
123 134 0.0158 200
123 135 0.0158 200
123 136 0.0158 200
123 137 0.0158 200
123 138 0.0158 200
123 139 0.0158 200
123 140 0.0158 200
123 141 0.0158 200
123 142 0.0158 200
123 143 0.0158 200
124 80 0.0158 200
124 81 0.0158 200
124 82 0.0158 200
124 83 0.0158 200
124 84 0.0158 200
124 85 0.0158 200
124 86 0.0158 200
124 87 0.0158 200
124 88 0.0158 200
124 89 0.0158 200
124 90 0.0158 200
124 91 0.0158 200
124 92 0.0158 200
124 93 0.0158 200
124 94 0.0158 200
124 95 0.0158 200
124 96 0.0158 200
124 97 0.0158 200
124 98 0.0158 200
124 99 0.0158 200
124 100 0.0158 200
124 101 0.0158 200
124 102 0.0158 200
124 103 0.0158 200
124 104 0.0158 200
124 105 0.0158 200
124 106 0.0158 200
124 107 0.0158 200
124 108 0.0158 200
124 109 0.0158 200
124 110 0.0158 200
124 111 0.0158 200
124 112 0.0158 200
124 113 0.0158 200
124 114 0.0158 200
124 115 0.0158 200
124 116 0.0158 200
124 117 0.0158 200
124 118 0.0158 200
124 119 0.0158 200
124 120 0.0158 200
124 121 0.0158 200
124 122 0.0158 200
124 123 0.0158 200
124 125 0.0158 200
124 126 0.0158 200
124 127 0.0158 200
124 128 0.0158 200
124 129 0.0158 200
124 130 0.0158 200
124 131 0.0158 200
124 132 0.0158 200
124 133 0.0158 200
124 134 0.0158 200
124 135 0.0158 200
124 136 0.0158 200
124 137 0.0158 200
124 138 0.0158 200
124 139 0.0158 200
124 140 0.0158 200
124 141 0.0158 200
124 142 0.0158 200
124 143 0.0158 200
125 80 0.0158 200
125 81 0.0158 200
125 82 0.0158 200
125 83 0.0158 200
125 84 0.0158 200
125 85 0.0158 200
125 86 0.0158 200
125 87 0.0158 200
125 88 0.0158 200
125 89 0.0158 200
125 90 0.0158 200
125 91 0.0158 200
125 92 0.0158 200
125 93 0.0158 200
125 94 0.0158 200
125 95 0.0158 200
125 96 0.0158 200
125 97 0.0158 200
125 98 0.0158 200
125 99 0.0158 200
125 100 0.0158 200
125 101 0.0158 200
125 102 0.0158 200
125 103 0.0158 200
125 104 0.0158 200
125 105 0.0158 200
125 106 0.0158 200
125 107 0.0158 200
125 108 0.0158 200
125 109 0.0158 200
125 110 0.0158 200
125 111 0.0158 200
125 112 0.0158 200
125 113 0.0158 200
125 114 0.0158 200
125 115 0.0158 200
125 116 0.0158 200
125 117 0.0158 200
125 118 0.0158 200
125 119 0.0158 200
125 120 0.0158 200
125 121 0.0158 200
125 122 0.0158 200
125 123 0.0158 200
125 124 0.0158 200
125 126 0.0158 200
125 127 0.0158 200
125 128 0.0158 200
125 129 0.0158 200
125 130 0.0158 200
125 131 0.0158 200
125 132 0.0158 200
125 133 0.0158 200
125 134 0.0158 200
125 135 0.0158 200
125 136 0.0158 200
125 137 0.0158 200
125 138 0.0158 200
125 139 0.0158 200
125 140 0.0158 200
125 141 0.0158 200
125 142 0.0158 200
125 143 0.0158 200
126 80 0.0158 200
126 81 0.0158 200
126 82 0.0158 200
126 83 0.0158 200
126 84 0.0158 200
126 85 0.0158 200
126 86 0.0158 200
126 87 0.0158 200
126 88 0.0158 200
126 89 0.0158 200
126 90 0.0158 200
126 91 0.0158 200
126 92 0.0158 200
126 93 0.0158 200
126 94 0.0158 200
126 95 0.0158 200
126 96 0.0158 200
126 97 0.0158 200
126 98 0.0158 200
126 99 0.0158 200
126 100 0.0158 200
126 101 0.0158 200
126 102 0.0158 200
126 103 0.0158 200
126 104 0.0158 200
126 105 0.0158 200
126 106 0.0158 200
126 107 0.0158 200
126 108 0.0158 200
126 109 0.0158 200
126 110 0.0158 200
126 111 0.0158 200
126 112 0.0158 200
126 113 0.0158 200
126 114 0.0158 200
126 115 0.0158 200
126 116 0.0158 200
126 117 0.0158 200
126 118 0.0158 200
126 119 0.0158 200
126 120 0.0158 200
126 121 0.0158 200
126 122 0.0158 200
126 123 0.0158 200
126 124 0.0158 200
126 125 0.0158 200
126 127 0.0158 200
126 128 0.0158 200
126 129 0.0158 200
126 130 0.0158 200
126 131 0.0158 200
126 132 0.0158 200
126 133 0.0158 200
126 134 0.0158 200
126 135 0.0158 200
126 136 0.0158 200
126 137 0.0158 200
126 138 0.0158 200
126 139 0.0158 200
126 140 0.0158 200
126 141 0.0158 200
126 142 0.0158 200
126 143 0.0158 200
127 80 0.0158 200
127 81 0.0158 200
127 82 0.0158 200
127 83 0.0158 200
127 84 0.0158 200
127 85 0.0158 200
127 86 0.0158 200
127 87 0.0158 200
127 88 0.0158 200
127 89 0.0158 200
127 90 0.0158 200
127 91 0.0158 200
127 92 0.0158 200
127 93 0.0158 200
127 94 0.0158 200
127 95 0.0158 200
127 96 0.0158 200
127 97 0.0158 200
127 98 0.0158 200
127 99 0.0158 200
127 100 0.0158 200
127 101 0.0158 200
127 102 0.0158 200
127 103 0.0158 200
127 104 0.0158 200
127 105 0.0158 200
127 106 0.0158 200
127 107 0.0158 200
127 108 0.0158 200
127 109 0.0158 200
127 110 0.0158 200
127 111 0.0158 200
127 112 0.0158 200
127 113 0.0158 200
127 114 0.0158 200
127 115 0.0158 200
127 116 0.0158 200
127 117 0.0158 200
127 118 0.0158 200
127 119 0.0158 200
127 120 0.0158 200
127 121 0.0158 200
127 122 0.0158 200
127 123 0.0158 200
127 124 0.0158 200
127 125 0.0158 200
127 126 0.0158 200
127 128 0.0158 200
127 129 0.0158 200
127 130 0.0158 200
127 131 0.0158 200
127 132 0.0158 200
127 133 0.0158 200
127 134 0.0158 200
127 135 0.0158 200
127 136 0.0158 200
127 137 0.0158 200
127 138 0.0158 200
127 139 0.0158 200
127 140 0.0158 200
127 141 0.0158 200
127 142 0.0158 200
127 143 0.0158 200
128 80 0.0158 200
128 81 0.0158 200
128 82 0.0158 200
128 83 0.0158 200
128 84 0.0158 200
128 85 0.0158 200
128 86 0.0158 200
128 87 0.0158 200
128 88 0.0158 200
128 89 0.0158 200
128 90 0.0158 200
128 91 0.0158 200
128 92 0.0158 200
128 93 0.0158 200
128 94 0.0158 200
128 95 0.0158 200
128 96 0.0158 200
128 97 0.0158 200
128 98 0.0158 200
128 99 0.0158 200
128 100 0.0158 200
128 101 0.0158 200
128 102 0.0158 200
128 103 0.0158 200
128 104 0.0158 200
128 105 0.0158 200
128 106 0.0158 200
128 107 0.0158 200
128 108 0.0158 200
128 109 0.0158 200
128 110 0.0158 200
128 111 0.0158 200
128 112 0.0158 200
128 113 0.0158 200
128 114 0.0158 200
128 115 0.0158 200
128 116 0.0158 200
128 117 0.0158 200
128 118 0.0158 200
128 119 0.0158 200
128 120 0.0158 200
128 121 0.0158 200
128 122 0.0158 200
128 123 0.0158 200
128 124 0.0158 200
128 125 0.0158 200
128 126 0.0158 200
128 127 0.0158 200
128 129 0.0158 200
128 130 0.0158 200
128 131 0.0158 200
128 132 0.0158 200
128 133 0.0158 200
128 134 0.0158 200
128 135 0.0158 200
128 136 0.0158 200
128 137 0.0158 200
128 138 0.0158 200
128 139 0.0158 200
128 140 0.0158 200
128 141 0.0158 200
128 142 0.0158 200
128 143 0.0158 200
129 80 0.0158 200
129 81 0.0158 200
129 82 0.0158 200
129 83 0.0158 200
129 84 0.0158 200
129 85 0.0158 200
129 86 0.0158 200
129 87 0.0158 200
129 88 0.0158 200
129 89 0.0158 200
129 90 0.0158 200
129 91 0.0158 200
129 92 0.0158 200
129 93 0.0158 200
129 94 0.0158 200
129 95 0.0158 200
129 96 0.0158 200
129 97 0.0158 200
129 98 0.0158 200
129 99 0.0158 200
129 100 0.0158 200
129 101 0.0158 200
129 102 0.0158 200
129 103 0.0158 200
129 104 0.0158 200
129 105 0.0158 200
129 106 0.0158 200
129 107 0.0158 200
129 108 0.0158 200
129 109 0.0158 200
129 110 0.0158 200
129 111 0.0158 200
129 112 0.0158 200
129 113 0.0158 200
129 114 0.0158 200
129 115 0.0158 200
129 116 0.0158 200
129 117 0.0158 200
129 118 0.0158 200
129 119 0.0158 200
129 120 0.0158 200
129 121 0.0158 200
129 122 0.0158 200
129 123 0.0158 200
129 124 0.0158 200
129 125 0.0158 200
129 126 0.0158 200
129 127 0.0158 200
129 128 0.0158 200
129 130 0.0158 200
129 131 0.0158 200
129 132 0.0158 200
129 133 0.0158 200
129 134 0.0158 200
129 135 0.0158 200
129 136 0.0158 200
129 137 0.0158 200
129 138 0.0158 200
129 139 0.0158 200
129 140 0.0158 200
129 141 0.0158 200
129 142 0.0158 200
129 143 0.0158 200
130 80 0.0158 200
130 81 0.0158 200
130 82 0.0158 200
130 83 0.0158 200
130 84 0.0158 200
130 85 0.0158 200
130 86 0.0158 200
130 87 0.0158 200
130 88 0.0158 200
130 89 0.0158 200
130 90 0.0158 200
130 91 0.0158 200
130 92 0.0158 200
130 93 0.0158 200
130 94 0.0158 200
130 95 0.0158 200
130 96 0.0158 200
130 97 0.0158 200
130 98 0.0158 200
130 99 0.0158 200
130 100 0.0158 200
130 101 0.0158 200
130 102 0.0158 200
130 103 0.0158 200
130 104 0.0158 200
130 105 0.0158 200
130 106 0.0158 200
130 107 0.0158 200
130 108 0.0158 200
130 109 0.0158 200
130 110 0.0158 200
130 111 0.0158 200
130 112 0.0158 200
130 113 0.0158 200
130 114 0.0158 200
130 115 0.0158 200
130 116 0.0158 200
130 117 0.0158 200
130 118 0.0158 200
130 119 0.0158 200
130 120 0.0158 200
130 121 0.0158 200
130 122 0.0158 200
130 123 0.0158 200
130 124 0.0158 200
130 125 0.0158 200
130 126 0.0158 200
130 127 0.0158 200
130 128 0.0158 200
130 129 0.0158 200
130 131 0.0158 200
130 132 0.0158 200
130 133 0.0158 200
130 134 0.0158 200
130 135 0.0158 200
130 136 0.0158 200
130 137 0.0158 200
130 138 0.0158 200
130 139 0.0158 200
130 140 0.0158 200
130 141 0.0158 200
130 142 0.0158 200
130 143 0.0158 200
131 80 0.0158 200
131 81 0.0158 200
131 82 0.0158 200
131 83 0.0158 200
131 84 0.0158 200
131 85 0.0158 200
131 86 0.0158 200
131 87 0.0158 200
131 88 0.0158 200
131 89 0.0158 200
131 90 0.0158 200
131 91 0.0158 200
131 92 0.0158 200
131 93 0.0158 200
131 94 0.0158 200
131 95 0.0158 200
131 96 0.0158 200
131 97 0.0158 200
131 98 0.0158 200
131 99 0.0158 200
131 100 0.0158 200
131 101 0.0158 200
131 102 0.0158 200
131 103 0.0158 200
131 104 0.0158 200
131 105 0.0158 200
131 106 0.0158 200
131 107 0.0158 200
131 108 0.0158 200
131 109 0.0158 200
131 110 0.0158 200
131 111 0.0158 200
131 112 0.0158 200
131 113 0.0158 200
131 114 0.0158 200
131 115 0.0158 200
131 116 0.0158 200
131 117 0.0158 200
131 118 0.0158 200
131 119 0.0158 200
131 120 0.0158 200
131 121 0.0158 200
131 122 0.0158 200
131 123 0.0158 200
131 124 0.0158 200
131 125 0.0158 200
131 126 0.0158 200
131 127 0.0158 200
131 128 0.0158 200
131 129 0.0158 200
131 130 0.0158 200
131 132 0.0158 200
131 133 0.0158 200
131 134 0.0158 200
131 135 0.0158 200
131 136 0.0158 200
131 137 0.0158 200
131 138 0.0158 200
131 139 0.0158 200
131 140 0.0158 200
131 141 0.0158 200
131 142 0.0158 200
131 143 0.0158 200
132 80 0.0158 200
132 81 0.0158 200
132 82 0.0158 200
132 83 0.0158 200
132 84 0.0158 200
132 85 0.0158 200
132 86 0.0158 200
132 87 0.0158 200
132 88 0.0158 200
132 89 0.0158 200
132 90 0.0158 200
132 91 0.0158 200
132 92 0.0158 200
132 93 0.0158 200
132 94 0.0158 200
132 95 0.0158 200
132 96 0.0158 200
132 97 0.0158 200
132 98 0.0158 200
132 99 0.0158 200
132 100 0.0158 200
132 101 0.0158 200
132 102 0.0158 200
132 103 0.0158 200
132 104 0.0158 200
132 105 0.0158 200
132 106 0.0158 200
132 107 0.0158 200
132 108 0.0158 200
132 109 0.0158 200
132 110 0.0158 200
132 111 0.0158 200
132 112 0.0158 200
132 113 0.0158 200
132 114 0.0158 200
132 115 0.0158 200
132 116 0.0158 200
132 117 0.0158 200
132 118 0.0158 200
132 119 0.0158 200
132 120 0.0158 200
132 121 0.0158 200
132 122 0.0158 200
132 123 0.0158 200
132 124 0.0158 200
132 125 0.0158 200
132 126 0.0158 200
132 127 0.0158 200
132 128 0.0158 200
132 129 0.0158 200
132 130 0.0158 200
132 131 0.0158 200
132 133 0.0158 200
132 134 0.0158 200
132 135 0.0158 200
132 136 0.0158 200
132 137 0.0158 200
132 138 0.0158 200
132 139 0.0158 200
132 140 0.0158 200
132 141 0.0158 200
132 142 0.0158 200
132 143 0.0158 200
133 80 0.0158 200
133 81 0.0158 200
133 82 0.0158 200
133 83 0.0158 200
133 84 0.0158 200
133 85 0.0158 200
133 86 0.0158 200
133 87 0.0158 200
133 88 0.0158 200
133 89 0.0158 200
133 90 0.0158 200
133 91 0.0158 200
133 92 0.0158 200
133 93 0.0158 200
133 94 0.0158 200
133 95 0.0158 200
133 96 0.0158 200
133 97 0.0158 200
133 98 0.0158 200
133 99 0.0158 200
133 100 0.0158 200
133 101 0.0158 200
133 102 0.0158 200
133 103 0.0158 200
133 104 0.0158 200
133 105 0.0158 200
133 106 0.0158 200
133 107 0.0158 200
133 108 0.0158 200
133 109 0.0158 200
133 110 0.0158 200
133 111 0.0158 200
133 112 0.0158 200
133 113 0.0158 200
133 114 0.0158 200
133 115 0.0158 200
133 116 0.0158 200
133 117 0.0158 200
133 118 0.0158 200
133 119 0.0158 200
133 120 0.0158 200
133 121 0.0158 200
133 122 0.0158 200
133 123 0.0158 200
133 124 0.0158 200
133 125 0.0158 200
133 126 0.0158 200
133 127 0.0158 200
133 128 0.0158 200
133 129 0.0158 200
133 130 0.0158 200
133 131 0.0158 200
133 132 0.0158 200
133 134 0.0158 200
133 135 0.0158 200
133 136 0.0158 200
133 137 0.0158 200
133 138 0.0158 200
133 139 0.0158 200
133 140 0.0158 200
133 141 0.0158 200
133 142 0.0158 200
133 143 0.0158 200
134 80 0.0158 200
134 81 0.0158 200
134 82 0.0158 200
134 83 0.0158 200
134 84 0.0158 200
134 85 0.0158 200
134 86 0.0158 200
134 87 0.0158 200
134 88 0.0158 200
134 89 0.0158 200
134 90 0.0158 200
134 91 0.0158 200
134 92 0.0158 200
134 93 0.0158 200
134 94 0.0158 200
134 95 0.0158 200
134 96 0.0158 200
134 97 0.0158 200
134 98 0.0158 200
134 99 0.0158 200
134 100 0.0158 200
134 101 0.0158 200
134 102 0.0158 200
134 103 0.0158 200
134 104 0.0158 200
134 105 0.0158 200
134 106 0.0158 200
134 107 0.0158 200
134 108 0.0158 200
134 109 0.0158 200
134 110 0.0158 200
134 111 0.0158 200
134 112 0.0158 200
134 113 0.0158 200
134 114 0.0158 200
134 115 0.0158 200
134 116 0.0158 200
134 117 0.0158 200
134 118 0.0158 200
134 119 0.0158 200
134 120 0.0158 200
134 121 0.0158 200
134 122 0.0158 200
134 123 0.0158 200
134 124 0.0158 200
134 125 0.0158 200
134 126 0.0158 200
134 127 0.0158 200
134 128 0.0158 200
134 129 0.0158 200
134 130 0.0158 200
134 131 0.0158 200
134 132 0.0158 200
134 133 0.0158 200
134 135 0.0158 200
134 136 0.0158 200
134 137 0.0158 200
134 138 0.0158 200
134 139 0.0158 200
134 140 0.0158 200
134 141 0.0158 200
134 142 0.0158 200
134 143 0.0158 200
135 80 0.0158 200
135 81 0.0158 200
135 82 0.0158 200
135 83 0.0158 200
135 84 0.0158 200
135 85 0.0158 200
135 86 0.0158 200
135 87 0.0158 200
135 88 0.0158 200
135 89 0.0158 200
135 90 0.0158 200
135 91 0.0158 200
135 92 0.0158 200
135 93 0.0158 200
135 94 0.0158 200
135 95 0.0158 200
135 96 0.0158 200
135 97 0.0158 200
135 98 0.0158 200
135 99 0.0158 200
135 100 0.0158 200
135 101 0.0158 200
135 102 0.0158 200
135 103 0.0158 200
135 104 0.0158 200
135 105 0.0158 200
135 106 0.0158 200
135 107 0.0158 200
135 108 0.0158 200
135 109 0.0158 200
135 110 0.0158 200
135 111 0.0158 200
135 112 0.0158 200
135 113 0.0158 200
135 114 0.0158 200
135 115 0.0158 200
135 116 0.0158 200
135 117 0.0158 200
135 118 0.0158 200
135 119 0.0158 200
135 120 0.0158 200
135 121 0.0158 200
135 122 0.0158 200
135 123 0.0158 200
135 124 0.0158 200
135 125 0.0158 200
135 126 0.0158 200
135 127 0.0158 200
135 128 0.0158 200
135 129 0.0158 200
135 130 0.0158 200
135 131 0.0158 200
135 132 0.0158 200
135 133 0.0158 200
135 134 0.0158 200
135 136 0.0158 200
135 137 0.0158 200
135 138 0.0158 200
135 139 0.0158 200
135 140 0.0158 200
135 141 0.0158 200
135 142 0.0158 200
135 143 0.0158 200
136 80 0.0158 200
136 81 0.0158 200
136 82 0.0158 200
136 83 0.0158 200
136 84 0.0158 200
136 85 0.0158 200
136 86 0.0158 200
136 87 0.0158 200
136 88 0.0158 200
136 89 0.0158 200
136 90 0.0158 200
136 91 0.0158 200
136 92 0.0158 200
136 93 0.0158 200
136 94 0.0158 200
136 95 0.0158 200
136 96 0.0158 200
136 97 0.0158 200
136 98 0.0158 200
136 99 0.0158 200
136 100 0.0158 200
136 101 0.0158 200
136 102 0.0158 200
136 103 0.0158 200
136 104 0.0158 200
136 105 0.0158 200
136 106 0.0158 200
136 107 0.0158 200
136 108 0.0158 200
136 109 0.0158 200
136 110 0.0158 200
136 111 0.0158 200
136 112 0.0158 200
136 113 0.0158 200
136 114 0.0158 200
136 115 0.0158 200
136 116 0.0158 200
136 117 0.0158 200
136 118 0.0158 200
136 119 0.0158 200
136 120 0.0158 200
136 121 0.0158 200
136 122 0.0158 200
136 123 0.0158 200
136 124 0.0158 200
136 125 0.0158 200
136 126 0.0158 200
136 127 0.0158 200
136 128 0.0158 200
136 129 0.0158 200
136 130 0.0158 200
136 131 0.0158 200
136 132 0.0158 200
136 133 0.0158 200
136 134 0.0158 200
136 135 0.0158 200
136 137 0.0158 200
136 138 0.0158 200
136 139 0.0158 200
136 140 0.0158 200
136 141 0.0158 200
136 142 0.0158 200
136 143 0.0158 200
137 80 0.0158 200
137 81 0.0158 200
137 82 0.0158 200
137 83 0.0158 200
137 84 0.0158 200
137 85 0.0158 200
137 86 0.0158 200
137 87 0.0158 200
137 88 0.0158 200
137 89 0.0158 200
137 90 0.0158 200
137 91 0.0158 200
137 92 0.0158 200
137 93 0.0158 200
137 94 0.0158 200
137 95 0.0158 200
137 96 0.0158 200
137 97 0.0158 200
137 98 0.0158 200
137 99 0.0158 200
137 100 0.0158 200
137 101 0.0158 200
137 102 0.0158 200
137 103 0.0158 200
137 104 0.0158 200
137 105 0.0158 200
137 106 0.0158 200
137 107 0.0158 200
137 108 0.0158 200
137 109 0.0158 200
137 110 0.0158 200
137 111 0.0158 200
137 112 0.0158 200
137 113 0.0158 200
137 114 0.0158 200
137 115 0.0158 200
137 116 0.0158 200
137 117 0.0158 200
137 118 0.0158 200
137 119 0.0158 200
137 120 0.0158 200
137 121 0.0158 200
137 122 0.0158 200
137 123 0.0158 200
137 124 0.0158 200
137 125 0.0158 200
137 126 0.0158 200
137 127 0.0158 200
137 128 0.0158 200
137 129 0.0158 200
137 130 0.0158 200
137 131 0.0158 200
137 132 0.0158 200
137 133 0.0158 200
137 134 0.0158 200
137 135 0.0158 200
137 136 0.0158 200
137 138 0.0158 200
137 139 0.0158 200
137 140 0.0158 200
137 141 0.0158 200
137 142 0.0158 200
137 143 0.0158 200
138 80 0.0158 200
138 81 0.0158 200
138 82 0.0158 200
138 83 0.0158 200
138 84 0.0158 200
138 85 0.0158 200
138 86 0.0158 200
138 87 0.0158 200
138 88 0.0158 200
138 89 0.0158 200
138 90 0.0158 200
138 91 0.0158 200
138 92 0.0158 200
138 93 0.0158 200
138 94 0.0158 200
138 95 0.0158 200
138 96 0.0158 200
138 97 0.0158 200
138 98 0.0158 200
138 99 0.0158 200
138 100 0.0158 200
138 101 0.0158 200
138 102 0.0158 200
138 103 0.0158 200
138 104 0.0158 200
138 105 0.0158 200
138 106 0.0158 200
138 107 0.0158 200
138 108 0.0158 200
138 109 0.0158 200
138 110 0.0158 200
138 111 0.0158 200
138 112 0.0158 200
138 113 0.0158 200
138 114 0.0158 200
138 115 0.0158 200
138 116 0.0158 200
138 117 0.0158 200
138 118 0.0158 200
138 119 0.0158 200
138 120 0.0158 200
138 121 0.0158 200
138 122 0.0158 200
138 123 0.0158 200
138 124 0.0158 200
138 125 0.0158 200
138 126 0.0158 200
138 127 0.0158 200
138 128 0.0158 200
138 129 0.0158 200
138 130 0.0158 200
138 131 0.0158 200
138 132 0.0158 200
138 133 0.0158 200
138 134 0.0158 200
138 135 0.0158 200
138 136 0.0158 200
138 137 0.0158 200
138 139 0.0158 200
138 140 0.0158 200
138 141 0.0158 200
138 142 0.0158 200
138 143 0.0158 200
139 80 0.0158 200
139 81 0.0158 200
139 82 0.0158 200
139 83 0.0158 200
139 84 0.0158 200
139 85 0.0158 200
139 86 0.0158 200
139 87 0.0158 200
139 88 0.0158 200
139 89 0.0158 200
139 90 0.0158 200
139 91 0.0158 200
139 92 0.0158 200
139 93 0.0158 200
139 94 0.0158 200
139 95 0.0158 200
139 96 0.0158 200
139 97 0.0158 200
139 98 0.0158 200
139 99 0.0158 200
139 100 0.0158 200
139 101 0.0158 200
139 102 0.0158 200
139 103 0.0158 200
139 104 0.0158 200
139 105 0.0158 200
139 106 0.0158 200
139 107 0.0158 200
139 108 0.0158 200
139 109 0.0158 200
139 110 0.0158 200
139 111 0.0158 200
139 112 0.0158 200
139 113 0.0158 200
139 114 0.0158 200
139 115 0.0158 200
139 116 0.0158 200
139 117 0.0158 200
139 118 0.0158 200
139 119 0.0158 200
139 120 0.0158 200
139 121 0.0158 200
139 122 0.0158 200
139 123 0.0158 200
139 124 0.0158 200
139 125 0.0158 200
139 126 0.0158 200
139 127 0.0158 200
139 128 0.0158 200
139 129 0.0158 200
139 130 0.0158 200
139 131 0.0158 200
139 132 0.0158 200
139 133 0.0158 200
139 134 0.0158 200
139 135 0.0158 200
139 136 0.0158 200
139 137 0.0158 200
139 138 0.0158 200
139 140 0.0158 200
139 141 0.0158 200
139 142 0.0158 200
139 143 0.0158 200
140 80 0.0158 200
140 81 0.0158 200
140 82 0.0158 200
140 83 0.0158 200
140 84 0.0158 200
140 85 0.0158 200
140 86 0.0158 200
140 87 0.0158 200
140 88 0.0158 200
140 89 0.0158 200
140 90 0.0158 200
140 91 0.0158 200
140 92 0.0158 200
140 93 0.0158 200
140 94 0.0158 200
140 95 0.0158 200
140 96 0.0158 200
140 97 0.0158 200
140 98 0.0158 200
140 99 0.0158 200
140 100 0.0158 200
140 101 0.0158 200
140 102 0.0158 200
140 103 0.0158 200
140 104 0.0158 200
140 105 0.0158 200
140 106 0.0158 200
140 107 0.0158 200
140 108 0.0158 200
140 109 0.0158 200
140 110 0.0158 200
140 111 0.0158 200
140 112 0.0158 200
140 113 0.0158 200
140 114 0.0158 200
140 115 0.0158 200
140 116 0.0158 200
140 117 0.0158 200
140 118 0.0158 200
140 119 0.0158 200
140 120 0.0158 200
140 121 0.0158 200
140 122 0.0158 200
140 123 0.0158 200
140 124 0.0158 200
140 125 0.0158 200
140 126 0.0158 200
140 127 0.0158 200
140 128 0.0158 200
140 129 0.0158 200
140 130 0.0158 200
140 131 0.0158 200
140 132 0.0158 200
140 133 0.0158 200
140 134 0.0158 200
140 135 0.0158 200
140 136 0.0158 200
140 137 0.0158 200
140 138 0.0158 200
140 139 0.0158 200
140 141 0.0158 200
140 142 0.0158 200
140 143 0.0158 200
141 80 0.0158 200
141 81 0.0158 200
141 82 0.0158 200
141 83 0.0158 200
141 84 0.0158 200
141 85 0.0158 200
141 86 0.0158 200
141 87 0.0158 200
141 88 0.0158 200
141 89 0.0158 200
141 90 0.0158 200
141 91 0.0158 200
141 92 0.0158 200
141 93 0.0158 200
141 94 0.0158 200
141 95 0.0158 200
141 96 0.0158 200
141 97 0.0158 200
141 98 0.0158 200
141 99 0.0158 200
141 100 0.0158 200
141 101 0.0158 200
141 102 0.0158 200
141 103 0.0158 200
141 104 0.0158 200
141 105 0.0158 200
141 106 0.0158 200
141 107 0.0158 200
141 108 0.0158 200
141 109 0.0158 200
141 110 0.0158 200
141 111 0.0158 200
141 112 0.0158 200
141 113 0.0158 200
141 114 0.0158 200
141 115 0.0158 200
141 116 0.0158 200
141 117 0.0158 200
141 118 0.0158 200
141 119 0.0158 200
141 120 0.0158 200
141 121 0.0158 200
141 122 0.0158 200
141 123 0.0158 200
141 124 0.0158 200
141 125 0.0158 200
141 126 0.0158 200
141 127 0.0158 200
141 128 0.0158 200
141 129 0.0158 200
141 130 0.0158 200
141 131 0.0158 200
141 132 0.0158 200
141 133 0.0158 200
141 134 0.0158 200
141 135 0.0158 200
141 136 0.0158 200
141 137 0.0158 200
141 138 0.0158 200
141 139 0.0158 200
141 140 0.0158 200
141 142 0.0158 200
141 143 0.0158 200
142 80 0.0158 200
142 81 0.0158 200
142 82 0.0158 200
142 83 0.0158 200
142 84 0.0158 200
142 85 0.0158 200
142 86 0.0158 200
142 87 0.0158 200
142 88 0.0158 200
142 89 0.0158 200
142 90 0.0158 200
142 91 0.0158 200
142 92 0.0158 200
142 93 0.0158 200
142 94 0.0158 200
142 95 0.0158 200
142 96 0.0158 200
142 97 0.0158 200
142 98 0.0158 200
142 99 0.0158 200
142 100 0.0158 200
142 101 0.0158 200
142 102 0.0158 200
142 103 0.0158 200
142 104 0.0158 200
142 105 0.0158 200
142 106 0.0158 200
142 107 0.0158 200
142 108 0.0158 200
142 109 0.0158 200
142 110 0.0158 200
142 111 0.0158 200
142 112 0.0158 200
142 113 0.0158 200
142 114 0.0158 200
142 115 0.0158 200
142 116 0.0158 200
142 117 0.0158 200
142 118 0.0158 200
142 119 0.0158 200
142 120 0.0158 200
142 121 0.0158 200
142 122 0.0158 200
142 123 0.0158 200
142 124 0.0158 200
142 125 0.0158 200
142 126 0.0158 200
142 127 0.0158 200
142 128 0.0158 200
142 129 0.0158 200
142 130 0.0158 200
142 131 0.0158 200
142 132 0.0158 200
142 133 0.0158 200
142 134 0.0158 200
142 135 0.0158 200
142 136 0.0158 200
142 137 0.0158 200
142 138 0.0158 200
142 139 0.0158 200
142 140 0.0158 200
142 141 0.0158 200
142 143 0.0158 200
143 80 0.0158 200
143 81 0.0158 200
143 82 0.0158 200
143 83 0.0158 200
143 84 0.0158 200
143 85 0.0158 200
143 86 0.0158 200
143 87 0.0158 200
143 88 0.0158 200
143 89 0.0158 200
143 90 0.0158 200
143 91 0.0158 200
143 92 0.0158 200
143 93 0.0158 200
143 94 0.0158 200
143 95 0.0158 200
143 96 0.0158 200
143 97 0.0158 200
143 98 0.0158 200
143 99 0.0158 200
143 100 0.0158 200
143 101 0.0158 200
143 102 0.0158 200
143 103 0.0158 200
143 104 0.0158 200
143 105 0.0158 200
143 106 0.0158 200
143 107 0.0158 200
143 108 0.0158 200
143 109 0.0158 200
143 110 0.0158 200
143 111 0.0158 200
143 112 0.0158 200
143 113 0.0158 200
143 114 0.0158 200
143 115 0.0158 200
143 116 0.0158 200
143 117 0.0158 200
143 118 0.0158 200
143 119 0.0158 200
143 120 0.0158 200
143 121 0.0158 200
143 122 0.0158 200
143 123 0.0158 200
143 124 0.0158 200
143 125 0.0158 200
143 126 0.0158 200
143 127 0.0158 200
143 128 0.0158 200
143 129 0.0158 200
143 130 0.0158 200
143 131 0.0158 200
143 132 0.0158 200
143 133 0.0158 200
143 134 0.0158 200
143 135 0.0158 200
143 136 0.0158 200
143 137 0.0158 200
143 138 0.0158 200
143 139 0.0158 200
143 140 0.0158 200
143 141 0.0158 200
143 142 0.0158 200
