0 1 [3]
0 2 [4]
0 3 [5]
0 4 [1, 3]
0 5 [1, 4]
0 6 [1, 5]
0 7 [1]
0 8 [2, 3]
0 9 [2, 4]
0 10 [2, 5]
0 11 [2]
0 12 [3, 1, 3]
0 13 [3, 1, 4]
0 14 [3, 1]
0 15 [3, 1, 5]
0 16 [3, 2, 3]
0 17 [3, 2, 4]
0 18 [3, 2]
0 19 [3, 2, 5]
0 20 [4, 1, 3]
0 21 [4, 1]
0 22 [4, 1, 4]
0 23 [4, 1, 5]
0 24 [4, 2, 3]
0 25 [4, 2]
0 26 [4, 2, 4]
0 27 [4, 2, 5]
0 28 [5, 1]
0 29 [5, 1, 3]
0 30 [5, 1, 4]
0 31 [5, 1, 5]
0 32 [5, 2]
0 33 [5, 2, 3]
0 34 [5, 2, 4]
0 35 [5, 2, 5]
1 0 [3]
1 2 [4]
1 3 [5]
1 4 [3, 1, 3]
1 5 [3, 1, 4]
1 6 [3, 1, 5]
1 7 [3, 1]
1 8 [3, 2, 3]
1 9 [3, 2, 4]
1 10 [3, 2, 5]
1 11 [3, 2]
1 12 [1, 3]
1 13 [1, 4]
1 14 [1]
1 15 [1, 5]
1 16 [2, 3]
1 17 [2, 4]
1 18 [2]
1 19 [2, 5]
1 20 [4, 1, 3]
1 21 [4, 1]
1 22 [4, 1, 4]
1 23 [4, 1, 5]
1 24 [4, 2, 3]
1 25 [4, 2]
1 26 [4, 2, 4]
1 27 [4, 2, 5]
1 28 [5, 1]
1 29 [5, 1, 3]
1 30 [5, 1, 4]
1 31 [5, 1, 5]
1 32 [5, 2]
1 33 [5, 2, 3]
1 34 [5, 2, 4]
1 35 [5, 2, 5]
2 0 [3]
2 1 [4]
2 3 [5]
2 4 [3, 1, 3]
2 5 [3, 1, 4]
2 6 [3, 1, 5]
2 7 [3, 1]
2 8 [3, 2, 3]
2 9 [3, 2, 4]
2 10 [3, 2, 5]
2 11 [3, 2]
2 12 [4, 1, 3]
2 13 [4, 1, 4]
2 14 [4, 1]
2 15 [4, 1, 5]
2 16 [4, 2, 3]
2 17 [4, 2, 4]
2 18 [4, 2]
2 19 [4, 2, 5]
2 20 [1, 3]
2 21 [1]
2 22 [1, 4]
2 23 [1, 5]
2 24 [2, 3]
2 25 [2]
2 26 [2, 4]
2 27 [2, 5]
2 28 [5, 1]
2 29 [5, 1, 3]
2 30 [5, 1, 4]
2 31 [5, 1, 5]
2 32 [5, 2]
2 33 [5, 2, 3]
2 34 [5, 2, 4]
2 35 [5, 2, 5]
3 0 [3]
3 1 [4]
3 2 [5]
3 4 [3, 1, 3]
3 5 [3, 1, 4]
3 6 [3, 1, 5]
3 7 [3, 1]
3 8 [3, 2, 3]
3 9 [3, 2, 4]
3 10 [3, 2, 5]
3 11 [3, 2]
3 12 [4, 1, 3]
3 13 [4, 1, 4]
3 14 [4, 1]
3 15 [4, 1, 5]
3 16 [4, 2, 3]
3 17 [4, 2, 4]
3 18 [4, 2]
3 19 [4, 2, 5]
3 20 [5, 1, 3]
3 21 [5, 1]
3 22 [5, 1, 4]
3 23 [5, 1, 5]
3 24 [5, 2, 3]
3 25 [5, 2]
3 26 [5, 2, 4]
3 27 [5, 2, 5]
3 28 [1]
3 29 [1, 3]
3 30 [1, 4]
3 31 [1, 5]
3 32 [2]
3 33 [2, 3]
3 34 [2, 4]
3 35 [2, 5]
4 0 [5, 1]
4 1 [5, 1, 3]
4 2 [5, 1, 4]
4 3 [5, 1, 5]
4 5 [3]
4 6 [4]
4 7 [5]
4 8 [1, 3]
4 9 [1, 4]
4 10 [1, 5]
4 11 [1]
4 12 [2, 3]
4 13 [2, 4]
4 14 [2, 5]
4 15 [2]
4 16 [3, 1, 3]
4 17 [3, 1, 4]
4 18 [3, 1]
4 19 [3, 1, 5]
4 20 [3, 2, 3]
4 21 [3, 2, 4]
4 22 [3, 2]
4 23 [3, 2, 5]
4 24 [4, 1, 3]
4 25 [4, 1]
4 26 [4, 1, 4]
4 27 [4, 1, 5]
4 28 [4, 2, 3]
4 29 [4, 2]
4 30 [4, 2, 4]
4 31 [4, 2, 5]
4 32 [5, 2]
4 33 [5, 2, 3]
4 34 [5, 2, 4]
4 35 [5, 2, 5]
5 0 [5, 1]
5 1 [5, 1, 3]
5 2 [5, 1, 4]
5 3 [5, 1, 5]
5 4 [3]
5 6 [4]
5 7 [5]
5 8 [3, 1, 3]
5 9 [3, 1, 4]
5 10 [3, 1, 5]
5 11 [3, 1]
5 12 [3, 2, 3]
5 13 [3, 2, 4]
5 14 [3, 2, 5]
5 15 [3, 2]
5 16 [1, 3]
5 17 [1, 4]
5 18 [1]
5 19 [1, 5]
5 20 [2, 3]
5 21 [2, 4]
5 22 [2]
5 23 [2, 5]
5 24 [4, 1, 3]
5 25 [4, 1]
5 26 [4, 1, 4]
5 27 [4, 1, 5]
5 28 [4, 2, 3]
5 29 [4, 2]
5 30 [4, 2, 4]
5 31 [4, 2, 5]
5 32 [5, 2]
5 33 [5, 2, 3]
5 34 [5, 2, 4]
5 35 [5, 2, 5]
6 0 [5, 1]
6 1 [5, 1, 3]
6 2 [5, 1, 4]
6 3 [5, 1, 5]
6 4 [3]
6 5 [4]
6 7 [5]
6 8 [3, 1, 3]
6 9 [3, 1, 4]
6 10 [3, 1, 5]
6 11 [3, 1]
6 12 [3, 2, 3]
6 13 [3, 2, 4]
6 14 [3, 2, 5]
6 15 [3, 2]
6 16 [4, 1, 3]
6 17 [4, 1, 4]
6 18 [4, 1]
6 19 [4, 1, 5]
6 20 [4, 2, 3]
6 21 [4, 2, 4]
6 22 [4, 2]
6 23 [4, 2, 5]
6 24 [1, 3]
6 25 [1]
6 26 [1, 4]
6 27 [1, 5]
6 28 [2, 3]
6 29 [2]
6 30 [2, 4]
6 31 [2, 5]
6 32 [5, 2]
6 33 [5, 2, 3]
6 34 [5, 2, 4]
6 35 [5, 2, 5]
7 0 [1]
7 1 [1, 3]
7 2 [1, 4]
7 3 [1, 5]
7 4 [3]
7 5 [4]
7 6 [5]
7 8 [3, 1, 3]
7 9 [3, 1, 4]
7 10 [3, 1, 5]
7 11 [3, 1]
7 12 [3, 2, 3]
7 13 [3, 2, 4]
7 14 [3, 2, 5]
7 15 [3, 2]
7 16 [4, 1, 3]
7 17 [4, 1, 4]
7 18 [4, 1]
7 19 [4, 1, 5]
7 20 [4, 2, 3]
7 21 [4, 2, 4]
7 22 [4, 2]
7 23 [4, 2, 5]
7 24 [5, 1, 3]
7 25 [5, 1]
7 26 [5, 1, 4]
7 27 [5, 1, 5]
7 28 [5, 2, 3]
7 29 [5, 2]
7 30 [5, 2, 4]
7 31 [5, 2, 5]
7 32 [2]
7 33 [2, 3]
7 34 [2, 4]
7 35 [2, 5]
8 0 [5, 1]
8 1 [5, 1, 3]
8 2 [5, 1, 4]
8 3 [5, 1, 5]
8 4 [5, 2]
8 5 [5, 2, 3]
8 6 [5, 2, 4]
8 7 [5, 2, 5]
8 9 [3]
8 10 [4]
8 11 [5]
8 12 [1, 3]
8 13 [1, 4]
8 14 [1, 5]
8 15 [1]
8 16 [2, 3]
8 17 [2, 4]
8 18 [2, 5]
8 19 [2]
8 20 [3, 1, 3]
8 21 [3, 1, 4]
8 22 [3, 1]
8 23 [3, 1, 5]
8 24 [3, 2, 3]
8 25 [3, 2, 4]
8 26 [3, 2]
8 27 [3, 2, 5]
8 28 [4, 1, 3]
8 29 [4, 1]
8 30 [4, 1, 4]
8 31 [4, 1, 5]
8 32 [4, 2, 3]
8 33 [4, 2]
8 34 [4, 2, 4]
8 35 [4, 2, 5]
9 0 [5, 1]
9 1 [5, 1, 3]
9 2 [5, 1, 4]
9 3 [5, 1, 5]
9 4 [5, 2]
9 5 [5, 2, 3]
9 6 [5, 2, 4]
9 7 [5, 2, 5]
9 8 [3]
9 10 [4]
9 11 [5]
9 12 [3, 1, 3]
9 13 [3, 1, 4]
9 14 [3, 1, 5]
9 15 [3, 1]
9 16 [3, 2, 3]
9 17 [3, 2, 4]
9 18 [3, 2, 5]
9 19 [3, 2]
9 20 [1, 3]
9 21 [1, 4]
9 22 [1]
9 23 [1, 5]
9 24 [2, 3]
9 25 [2, 4]
9 26 [2]
9 27 [2, 5]
9 28 [4, 1, 3]
9 29 [4, 1]
9 30 [4, 1, 4]
9 31 [4, 1, 5]
9 32 [4, 2, 3]
9 33 [4, 2]
9 34 [4, 2, 4]
9 35 [4, 2, 5]
10 0 [5, 1]
10 1 [5, 1, 3]
10 2 [5, 1, 4]
10 3 [5, 1, 5]
10 4 [5, 2]
10 5 [5, 2, 3]
10 6 [5, 2, 4]
10 7 [5, 2, 5]
10 8 [3]
10 9 [4]
10 11 [5]
10 12 [3, 1, 3]
10 13 [3, 1, 4]
10 14 [3, 1, 5]
10 15 [3, 1]
10 16 [3, 2, 3]
10 17 [3, 2, 4]
10 18 [3, 2, 5]
10 19 [3, 2]
10 20 [4, 1, 3]
10 21 [4, 1, 4]
10 22 [4, 1]
10 23 [4, 1, 5]
10 24 [4, 2, 3]
10 25 [4, 2, 4]
10 26 [4, 2]
10 27 [4, 2, 5]
10 28 [1, 3]
10 29 [1]
10 30 [1, 4]
10 31 [1, 5]
10 32 [2, 3]
10 33 [2]
10 34 [2, 4]
10 35 [2, 5]
11 0 [1]
11 1 [1, 3]
11 2 [1, 4]
11 3 [1, 5]
11 4 [2]
11 5 [2, 3]
11 6 [2, 4]
11 7 [2, 5]
11 8 [3]
11 9 [4]
11 10 [5]
11 12 [3, 1, 3]
11 13 [3, 1, 4]
11 14 [3, 1, 5]
11 15 [3, 1]
11 16 [3, 2, 3]
11 17 [3, 2, 4]
11 18 [3, 2, 5]
11 19 [3, 2]
11 20 [4, 1, 3]
11 21 [4, 1, 4]
11 22 [4, 1]
11 23 [4, 1, 5]
11 24 [4, 2, 3]
11 25 [4, 2, 4]
11 26 [4, 2]
11 27 [4, 2, 5]
11 28 [5, 1, 3]
11 29 [5, 1]
11 30 [5, 1, 4]
11 31 [5, 1, 5]
11 32 [5, 2, 3]
11 33 [5, 2]
11 34 [5, 2, 4]
11 35 [5, 2, 5]
12 0 [4, 1, 3]
12 1 [4, 1]
12 2 [4, 1, 4]
12 3 [4, 1, 5]
12 4 [5, 1]
12 5 [5, 1, 3]
12 6 [5, 1, 4]
12 7 [5, 1, 5]
12 8 [5, 2]
12 9 [5, 2, 3]
12 10 [5, 2, 4]
12 11 [5, 2, 5]
12 13 [3]
12 14 [4]
12 15 [5]
12 16 [1, 3]
12 17 [1, 4]
12 18 [1, 5]
12 19 [1]
12 20 [2, 3]
12 21 [2, 4]
12 22 [2, 5]
12 23 [2]
12 24 [3, 1, 3]
12 25 [3, 1, 4]
12 26 [3, 1]
12 27 [3, 1, 5]
12 28 [3, 2, 3]
12 29 [3, 2, 4]
12 30 [3, 2]
12 31 [3, 2, 5]
12 32 [4, 2, 3]
12 33 [4, 2]
12 34 [4, 2, 4]
12 35 [4, 2, 5]
13 0 [4, 1, 3]
13 1 [4, 1]
13 2 [4, 1, 4]
13 3 [4, 1, 5]
13 4 [5, 1]
13 5 [5, 1, 3]
13 6 [5, 1, 4]
13 7 [5, 1, 5]
13 8 [5, 2]
13 9 [5, 2, 3]
13 10 [5, 2, 4]
13 11 [5, 2, 5]
13 12 [3]
13 14 [4]
13 15 [5]
13 16 [3, 1, 3]
13 17 [3, 1, 4]
13 18 [3, 1, 5]
13 19 [3, 1]
13 20 [3, 2, 3]
13 21 [3, 2, 4]
13 22 [3, 2, 5]
13 23 [3, 2]
13 24 [1, 3]
13 25 [1, 4]
13 26 [1]
13 27 [1, 5]
13 28 [2, 3]
13 29 [2, 4]
13 30 [2]
13 31 [2, 5]
13 32 [4, 2, 3]
13 33 [4, 2]
13 34 [4, 2, 4]
13 35 [4, 2, 5]
14 0 [1, 3]
14 1 [1]
14 2 [1, 4]
14 3 [1, 5]
14 4 [5, 1]
14 5 [5, 1, 3]
14 6 [5, 1, 4]
14 7 [5, 1, 5]
14 8 [5, 2]
14 9 [5, 2, 3]
14 10 [5, 2, 4]
14 11 [5, 2, 5]
14 12 [3]
14 13 [4]
14 15 [5]
14 16 [3, 1, 3]
14 17 [3, 1, 4]
14 18 [3, 1, 5]
14 19 [3, 1]
14 20 [3, 2, 3]
14 21 [3, 2, 4]
14 22 [3, 2, 5]
14 23 [3, 2]
14 24 [4, 1, 3]
14 25 [4, 1, 4]
14 26 [4, 1]
14 27 [4, 1, 5]
14 28 [4, 2, 3]
14 29 [4, 2, 4]
14 30 [4, 2]
14 31 [4, 2, 5]
14 32 [2, 3]
14 33 [2]
14 34 [2, 4]
14 35 [2, 5]
15 0 [5, 1, 3]
15 1 [5, 1]
15 2 [5, 1, 4]
15 3 [5, 1, 5]
15 4 [1]
15 5 [1, 3]
15 6 [1, 4]
15 7 [1, 5]
15 8 [2]
15 9 [2, 3]
15 10 [2, 4]
15 11 [2, 5]
15 12 [3]
15 13 [4]
15 14 [5]
15 16 [3, 1, 3]
15 17 [3, 1, 4]
15 18 [3, 1, 5]
15 19 [3, 1]
15 20 [3, 2, 3]
15 21 [3, 2, 4]
15 22 [3, 2, 5]
15 23 [3, 2]
15 24 [4, 1, 3]
15 25 [4, 1, 4]
15 26 [4, 1]
15 27 [4, 1, 5]
15 28 [4, 2, 3]
15 29 [4, 2, 4]
15 30 [4, 2]
15 31 [4, 2, 5]
15 32 [5, 2, 3]
15 33 [5, 2]
15 34 [5, 2, 4]
15 35 [5, 2, 5]
16 0 [4, 1, 3]
16 1 [4, 1]
16 2 [4, 1, 4]
16 3 [4, 1, 5]
16 4 [4, 2, 3]
16 5 [4, 2]
16 6 [4, 2, 4]
16 7 [4, 2, 5]
16 8 [5, 1]
16 9 [5, 1, 3]
16 10 [5, 1, 4]
16 11 [5, 1, 5]
16 12 [5, 2]
16 13 [5, 2, 3]
16 14 [5, 2, 4]
16 15 [5, 2, 5]
16 17 [3]
16 18 [4]
16 19 [5]
16 20 [1, 3]
16 21 [1, 4]
16 22 [1, 5]
16 23 [1]
16 24 [2, 3]
16 25 [2, 4]
16 26 [2, 5]
16 27 [2]
16 28 [3, 1, 3]
16 29 [3, 1, 4]
16 30 [3, 1]
16 31 [3, 1, 5]
16 32 [3, 2, 3]
16 33 [3, 2, 4]
16 34 [3, 2]
16 35 [3, 2, 5]
17 0 [4, 1, 3]
17 1 [4, 1]
17 2 [4, 1, 4]
17 3 [4, 1, 5]
17 4 [4, 2, 3]
17 5 [4, 2]
17 6 [4, 2, 4]
17 7 [4, 2, 5]
17 8 [5, 1]
17 9 [5, 1, 3]
17 10 [5, 1, 4]
17 11 [5, 1, 5]
17 12 [5, 2]
17 13 [5, 2, 3]
17 14 [5, 2, 4]
17 15 [5, 2, 5]
17 16 [3]
17 18 [4]
17 19 [5]
17 20 [3, 1, 3]
17 21 [3, 1, 4]
17 22 [3, 1, 5]
17 23 [3, 1]
17 24 [3, 2, 3]
17 25 [3, 2, 4]
17 26 [3, 2, 5]
17 27 [3, 2]
17 28 [1, 3]
17 29 [1, 4]
17 30 [1]
17 31 [1, 5]
17 32 [2, 3]
17 33 [2, 4]
17 34 [2]
17 35 [2, 5]
18 0 [1, 3]
18 1 [1]
18 2 [1, 4]
18 3 [1, 5]
18 4 [2, 3]
18 5 [2]
18 6 [2, 4]
18 7 [2, 5]
18 8 [5, 1]
18 9 [5, 1, 3]
18 10 [5, 1, 4]
18 11 [5, 1, 5]
18 12 [5, 2]
18 13 [5, 2, 3]
18 14 [5, 2, 4]
18 15 [5, 2, 5]
18 16 [3]
18 17 [4]
18 19 [5]
18 20 [3, 1, 3]
18 21 [3, 1, 4]
18 22 [3, 1, 5]
18 23 [3, 1]
18 24 [3, 2, 3]
18 25 [3, 2, 4]
18 26 [3, 2, 5]
18 27 [3, 2]
18 28 [4, 1, 3]
18 29 [4, 1, 4]
18 30 [4, 1]
18 31 [4, 1, 5]
18 32 [4, 2, 3]
18 33 [4, 2, 4]
18 34 [4, 2]
18 35 [4, 2, 5]
19 0 [5, 1, 3]
19 1 [5, 1]
19 2 [5, 1, 4]
19 3 [5, 1, 5]
19 4 [5, 2, 3]
19 5 [5, 2]
19 6 [5, 2, 4]
19 7 [5, 2, 5]
19 8 [1]
19 9 [1, 3]
19 10 [1, 4]
19 11 [1, 5]
19 12 [2]
19 13 [2, 3]
19 14 [2, 4]
19 15 [2, 5]
19 16 [3]
19 17 [4]
19 18 [5]
19 20 [3, 1, 3]
19 21 [3, 1, 4]
19 22 [3, 1, 5]
19 23 [3, 1]
19 24 [3, 2, 3]
19 25 [3, 2, 4]
19 26 [3, 2, 5]
19 27 [3, 2]
19 28 [4, 1, 3]
19 29 [4, 1, 4]
19 30 [4, 1]
19 31 [4, 1, 5]
19 32 [4, 2, 3]
19 33 [4, 2, 4]
19 34 [4, 2]
19 35 [4, 2, 5]
20 0 [3, 1, 3]
20 1 [3, 1, 4]
20 2 [3, 1]
20 3 [3, 1, 5]
20 4 [4, 1, 3]
20 5 [4, 1]
20 6 [4, 1, 4]
20 7 [4, 1, 5]
20 8 [4, 2, 3]
20 9 [4, 2]
20 10 [4, 2, 4]
20 11 [4, 2, 5]
20 12 [5, 1]
20 13 [5, 1, 3]
20 14 [5, 1, 4]
20 15 [5, 1, 5]
20 16 [5, 2]
20 17 [5, 2, 3]
20 18 [5, 2, 4]
20 19 [5, 2, 5]
20 21 [3]
20 22 [4]
20 23 [5]
20 24 [1, 3]
20 25 [1, 4]
20 26 [1, 5]
20 27 [1]
20 28 [2, 3]
20 29 [2, 4]
20 30 [2, 5]
20 31 [2]
20 32 [3, 2, 3]
20 33 [3, 2, 4]
20 34 [3, 2]
20 35 [3, 2, 5]
21 0 [1, 3]
21 1 [1, 4]
21 2 [1]
21 3 [1, 5]
21 4 [4, 1, 3]
21 5 [4, 1]
21 6 [4, 1, 4]
21 7 [4, 1, 5]
21 8 [4, 2, 3]
21 9 [4, 2]
21 10 [4, 2, 4]
21 11 [4, 2, 5]
21 12 [5, 1]
21 13 [5, 1, 3]
21 14 [5, 1, 4]
21 15 [5, 1, 5]
21 16 [5, 2]
21 17 [5, 2, 3]
21 18 [5, 2, 4]
21 19 [5, 2, 5]
21 20 [3]
21 22 [4]
21 23 [5]
21 24 [3, 1, 3]
21 25 [3, 1, 4]
21 26 [3, 1, 5]
21 27 [3, 1]
21 28 [3, 2, 3]
21 29 [3, 2, 4]
21 30 [3, 2, 5]
21 31 [3, 2]
21 32 [2, 3]
21 33 [2, 4]
21 34 [2]
21 35 [2, 5]
22 0 [4, 1, 3]
22 1 [4, 1, 4]
22 2 [4, 1]
22 3 [4, 1, 5]
22 4 [1, 3]
22 5 [1]
22 6 [1, 4]
22 7 [1, 5]
22 8 [2, 3]
22 9 [2]
22 10 [2, 4]
22 11 [2, 5]
22 12 [5, 1]
22 13 [5, 1, 3]
22 14 [5, 1, 4]
22 15 [5, 1, 5]
22 16 [5, 2]
22 17 [5, 2, 3]
22 18 [5, 2, 4]
22 19 [5, 2, 5]
22 20 [3]
22 21 [4]
22 23 [5]
22 24 [3, 1, 3]
22 25 [3, 1, 4]
22 26 [3, 1, 5]
22 27 [3, 1]
22 28 [3, 2, 3]
22 29 [3, 2, 4]
22 30 [3, 2, 5]
22 31 [3, 2]
22 32 [4, 2, 3]
22 33 [4, 2, 4]
22 34 [4, 2]
22 35 [4, 2, 5]
23 0 [4, 1, 3]
23 1 [4, 1, 4]
23 2 [4, 1]
23 3 [4, 1, 5]
23 4 [5, 1, 3]
23 5 [5, 1]
23 6 [5, 1, 4]
23 7 [5, 1, 5]
23 8 [5, 2, 3]
23 9 [5, 2]
23 10 [5, 2, 4]
23 11 [5, 2, 5]
23 12 [1]
23 13 [1, 3]
23 14 [1, 4]
23 15 [1, 5]
23 16 [2]
23 17 [2, 3]
23 18 [2, 4]
23 19 [2, 5]
23 20 [3]
23 21 [4]
23 22 [5]
23 24 [3, 1, 3]
23 25 [3, 1, 4]
23 26 [3, 1, 5]
23 27 [3, 1]
23 28 [3, 2, 3]
23 29 [3, 2, 4]
23 30 [3, 2, 5]
23 31 [3, 2]
23 32 [4, 2, 3]
23 33 [4, 2, 4]
23 34 [4, 2]
23 35 [4, 2, 5]
24 0 [3, 1, 3]
24 1 [3, 1, 4]
24 2 [3, 1]
24 3 [3, 1, 5]
24 4 [3, 2, 3]
24 5 [3, 2, 4]
24 6 [3, 2]
24 7 [3, 2, 5]
24 8 [4, 1, 3]
24 9 [4, 1]
24 10 [4, 1, 4]
24 11 [4, 1, 5]
24 12 [4, 2, 3]
24 13 [4, 2]
24 14 [4, 2, 4]
24 15 [4, 2, 5]
24 16 [5, 1]
24 17 [5, 1, 3]
24 18 [5, 1, 4]
24 19 [5, 1, 5]
24 20 [5, 2]
24 21 [5, 2, 3]
24 22 [5, 2, 4]
24 23 [5, 2, 5]
24 25 [3]
24 26 [4]
24 27 [5]
24 28 [1, 3]
24 29 [1, 4]
24 30 [1, 5]
24 31 [1]
24 32 [2, 3]
24 33 [2, 4]
24 34 [2, 5]
24 35 [2]
25 0 [1, 3]
25 1 [1, 4]
25 2 [1]
25 3 [1, 5]
25 4 [2, 3]
25 5 [2, 4]
25 6 [2]
25 7 [2, 5]
25 8 [4, 1, 3]
25 9 [4, 1]
25 10 [4, 1, 4]
25 11 [4, 1, 5]
25 12 [4, 2, 3]
25 13 [4, 2]
25 14 [4, 2, 4]
25 15 [4, 2, 5]
25 16 [5, 1]
25 17 [5, 1, 3]
25 18 [5, 1, 4]
25 19 [5, 1, 5]
25 20 [5, 2]
25 21 [5, 2, 3]
25 22 [5, 2, 4]
25 23 [5, 2, 5]
25 24 [3]
25 26 [4]
25 27 [5]
25 28 [3, 1, 3]
25 29 [3, 1, 4]
25 30 [3, 1, 5]
25 31 [3, 1]
25 32 [3, 2, 3]
25 33 [3, 2, 4]
25 34 [3, 2, 5]
25 35 [3, 2]
26 0 [4, 1, 3]
26 1 [4, 1, 4]
26 2 [4, 1]
26 3 [4, 1, 5]
26 4 [4, 2, 3]
26 5 [4, 2, 4]
26 6 [4, 2]
26 7 [4, 2, 5]
26 8 [1, 3]
26 9 [1]
26 10 [1, 4]
26 11 [1, 5]
26 12 [2, 3]
26 13 [2]
26 14 [2, 4]
26 15 [2, 5]
26 16 [5, 1]
26 17 [5, 1, 3]
26 18 [5, 1, 4]
26 19 [5, 1, 5]
26 20 [5, 2]
26 21 [5, 2, 3]
26 22 [5, 2, 4]
26 23 [5, 2, 5]
26 24 [3]
26 25 [4]
26 27 [5]
26 28 [3, 1, 3]
26 29 [3, 1, 4]
26 30 [3, 1, 5]
26 31 [3, 1]
26 32 [3, 2, 3]
26 33 [3, 2, 4]
26 34 [3, 2, 5]
26 35 [3, 2]
27 0 [4, 1, 3]
27 1 [4, 1, 4]
27 2 [4, 1]
27 3 [4, 1, 5]
27 4 [4, 2, 3]
27 5 [4, 2, 4]
27 6 [4, 2]
27 7 [4, 2, 5]
27 8 [5, 1, 3]
27 9 [5, 1]
27 10 [5, 1, 4]
27 11 [5, 1, 5]
27 12 [5, 2, 3]
27 13 [5, 2]
27 14 [5, 2, 4]
27 15 [5, 2, 5]
27 16 [1]
27 17 [1, 3]
27 18 [1, 4]
27 19 [1, 5]
27 20 [2]
27 21 [2, 3]
27 22 [2, 4]
27 23 [2, 5]
27 24 [3]
27 25 [4]
27 26 [5]
27 28 [3, 1, 3]
27 29 [3, 1, 4]
27 30 [3, 1, 5]
27 31 [3, 1]
27 32 [3, 2, 3]
27 33 [3, 2, 4]
27 34 [3, 2, 5]
27 35 [3, 2]
28 0 [1, 3]
28 1 [1, 4]
28 2 [1, 5]
28 3 [1]
28 4 [3, 1, 3]
28 5 [3, 1, 4]
28 6 [3, 1]
28 7 [3, 1, 5]
28 8 [3, 2, 3]
28 9 [3, 2, 4]
28 10 [3, 2]
28 11 [3, 2, 5]
28 12 [4, 1, 3]
28 13 [4, 1]
28 14 [4, 1, 4]
28 15 [4, 1, 5]
28 16 [4, 2, 3]
28 17 [4, 2]
28 18 [4, 2, 4]
28 19 [4, 2, 5]
28 20 [5, 1]
28 21 [5, 1, 3]
28 22 [5, 1, 4]
28 23 [5, 1, 5]
28 24 [5, 2]
28 25 [5, 2, 3]
28 26 [5, 2, 4]
28 27 [5, 2, 5]
28 29 [3]
28 30 [4]
28 31 [5]
28 32 [2, 3]
28 33 [2, 4]
28 34 [2, 5]
28 35 [2]
29 0 [3, 1, 3]
29 1 [3, 1, 4]
29 2 [3, 1, 5]
29 3 [3, 1]
29 4 [1, 3]
29 5 [1, 4]
29 6 [1]
29 7 [1, 5]
29 8 [2, 3]
29 9 [2, 4]
29 10 [2]
29 11 [2, 5]
29 12 [4, 1, 3]
29 13 [4, 1]
29 14 [4, 1, 4]
29 15 [4, 1, 5]
29 16 [4, 2, 3]
29 17 [4, 2]
29 18 [4, 2, 4]
29 19 [4, 2, 5]
29 20 [5, 1]
29 21 [5, 1, 3]
29 22 [5, 1, 4]
29 23 [5, 1, 5]
29 24 [5, 2]
29 25 [5, 2, 3]
29 26 [5, 2, 4]
29 27 [5, 2, 5]
29 28 [3]
29 30 [4]
29 31 [5]
29 32 [3, 2, 3]
29 33 [3, 2, 4]
29 34 [3, 2, 5]
29 35 [3, 2]
30 0 [3, 1, 3]
30 1 [3, 1, 4]
30 2 [3, 1, 5]
30 3 [3, 1]
30 4 [4, 1, 3]
30 5 [4, 1, 4]
30 6 [4, 1]
30 7 [4, 1, 5]
30 8 [4, 2, 3]
30 9 [4, 2, 4]
30 10 [4, 2]
30 11 [4, 2, 5]
30 12 [1, 3]
30 13 [1]
30 14 [1, 4]
30 15 [1, 5]
30 16 [2, 3]
30 17 [2]
30 18 [2, 4]
30 19 [2, 5]
30 20 [5, 1]
30 21 [5, 1, 3]
30 22 [5, 1, 4]
30 23 [5, 1, 5]
30 24 [5, 2]
30 25 [5, 2, 3]
30 26 [5, 2, 4]
30 27 [5, 2, 5]
30 28 [3]
30 29 [4]
30 31 [5]
30 32 [3, 2, 3]
30 33 [3, 2, 4]
30 34 [3, 2, 5]
30 35 [3, 2]
31 0 [3, 1, 3]
31 1 [3, 1, 4]
31 2 [3, 1, 5]
31 3 [3, 1]
31 4 [4, 1, 3]
31 5 [4, 1, 4]
31 6 [4, 1]
31 7 [4, 1, 5]
31 8 [4, 2, 3]
31 9 [4, 2, 4]
31 10 [4, 2]
31 11 [4, 2, 5]
31 12 [5, 1, 3]
31 13 [5, 1]
31 14 [5, 1, 4]
31 15 [5, 1, 5]
31 16 [5, 2, 3]
31 17 [5, 2]
31 18 [5, 2, 4]
31 19 [5, 2, 5]
31 20 [1]
31 21 [1, 3]
31 22 [1, 4]
31 23 [1, 5]
31 24 [2]
31 25 [2, 3]
31 26 [2, 4]
31 27 [2, 5]
31 28 [3]
31 29 [4]
31 30 [5]
31 32 [3, 2, 3]
31 33 [3, 2, 4]
31 34 [3, 2, 5]
31 35 [3, 2]
32 0 [1, 3]
32 1 [1, 4]
32 2 [1, 5]
32 3 [1]
32 4 [2, 3]
32 5 [2, 4]
32 6 [2, 5]
32 7 [2]
32 8 [3, 1, 3]
32 9 [3, 1, 4]
32 10 [3, 1]
32 11 [3, 1, 5]
32 12 [3, 2, 3]
32 13 [3, 2, 4]
32 14 [3, 2]
32 15 [3, 2, 5]
32 16 [4, 1, 3]
32 17 [4, 1]
32 18 [4, 1, 4]
32 19 [4, 1, 5]
32 20 [4, 2, 3]
32 21 [4, 2]
32 22 [4, 2, 4]
32 23 [4, 2, 5]
32 24 [5, 1]
32 25 [5, 1, 3]
32 26 [5, 1, 4]
32 27 [5, 1, 5]
32 28 [5, 2]
32 29 [5, 2, 3]
32 30 [5, 2, 4]
32 31 [5, 2, 5]
32 33 [3]
32 34 [4]
32 35 [5]
33 0 [3, 1, 3]
33 1 [3, 1, 4]
33 2 [3, 1, 5]
33 3 [3, 1]
33 4 [3, 2, 3]
33 5 [3, 2, 4]
33 6 [3, 2, 5]
33 7 [3, 2]
33 8 [1, 3]
33 9 [1, 4]
33 10 [1]
33 11 [1, 5]
33 12 [2, 3]
33 13 [2, 4]
33 14 [2]
33 15 [2, 5]
33 16 [4, 1, 3]
33 17 [4, 1]
33 18 [4, 1, 4]
33 19 [4, 1, 5]
33 20 [4, 2, 3]
33 21 [4, 2]
33 22 [4, 2, 4]
33 23 [4, 2, 5]
33 24 [5, 1]
33 25 [5, 1, 3]
33 26 [5, 1, 4]
33 27 [5, 1, 5]
33 28 [5, 2]
33 29 [5, 2, 3]
33 30 [5, 2, 4]
33 31 [5, 2, 5]
33 32 [3]
33 34 [4]
33 35 [5]
34 0 [3, 1, 3]
34 1 [3, 1, 4]
34 2 [3, 1, 5]
34 3 [3, 1]
34 4 [3, 2, 3]
34 5 [3, 2, 4]
34 6 [3, 2, 5]
34 7 [3, 2]
34 8 [4, 1, 3]
34 9 [4, 1, 4]
34 10 [4, 1]
34 11 [4, 1, 5]
34 12 [4, 2, 3]
34 13 [4, 2, 4]
34 14 [4, 2]
34 15 [4, 2, 5]
34 16 [1, 3]
34 17 [1]
34 18 [1, 4]
34 19 [1, 5]
34 20 [2, 3]
34 21 [2]
34 22 [2, 4]
34 23 [2, 5]
34 24 [5, 1]
34 25 [5, 1, 3]
34 26 [5, 1, 4]
34 27 [5, 1, 5]
34 28 [5, 2]
34 29 [5, 2, 3]
34 30 [5, 2, 4]
34 31 [5, 2, 5]
34 32 [3]
34 33 [4]
34 35 [5]
35 0 [3, 1, 3]
35 1 [3, 1, 4]
35 2 [3, 1, 5]
35 3 [3, 1]
35 4 [3, 2, 3]
35 5 [3, 2, 4]
35 6 [3, 2, 5]
35 7 [3, 2]
35 8 [4, 1, 3]
35 9 [4, 1, 4]
35 10 [4, 1]
35 11 [4, 1, 5]
35 12 [4, 2, 3]
35 13 [4, 2, 4]
35 14 [4, 2]
35 15 [4, 2, 5]
35 16 [5, 1, 3]
35 17 [5, 1]
35 18 [5, 1, 4]
35 19 [5, 1, 5]
35 20 [5, 2, 3]
35 21 [5, 2]
35 22 [5, 2, 4]
35 23 [5, 2, 5]
35 24 [1]
35 25 [1, 3]
35 26 [1, 4]
35 27 [1, 5]
35 28 [2]
35 29 [2, 3]
35 30 [2, 4]
35 31 [2, 5]
35 32 [3]
35 33 [4]
35 34 [5]
