0 7
0 11
1 14
1 18
2 21
2 25
3 28
3 32
4 11
4 15
5 18
5 22
6 25
6 29
7 32
8 15
8 19
9 22
9 26
10 29
10 33
12 19
12 23
13 26
13 30
14 33
16 23
16 27
17 30
17 34
20 27
20 31
21 34
24 31
24 35
28 35
0 1
0 2
0 3
1 2
1 3
2 3
4 5
4 6
4 7
5 6
5 7
6 7
8 9
8 10
8 11
9 10
9 11
10 11
12 13
12 14
12 15
13 14
13 15
14 15
16 17
16 18
16 19
17 18
17 19
18 19
20 21
20 22
20 23
21 22
21 23
22 23
24 25
24 26
24 27
25 26
25 27
26 27
28 29
28 30
28 31
29 30
29 31
30 31
32 33
32 34
32 35
33 34
33 35
34 35
0 36
0 37
1 38
1 39
2 40
2 41
3 42
3 43
4 44
4 45
5 46
5 47
6 48
6 49
7 50
7 51
8 52
8 53
9 54
9 55
10 56
10 57
11 58
11 59
12 60
12 61
13 62
13 63
14 64
14 65
15 66
15 67
16 68
16 69
17 70
17 71
18 72
18 73
19 74
19 75
20 76
20 77
21 78
21 79
22 80
22 81
23 82
23 83
24 84
24 85
25 86
25 87
26 88
26 89
27 90
27 91
28 92
28 93
29 94
29 95
30 96
30 97
31 98
31 99
32 100
32 101
33 102
33 103
34 104
34 105
35 106
35 107
