20 16
1 0 4 100 1
2 0 6 100 1
3 0 8 100 1
4 0 10 100 1
5 1 4 100 1
6 1 6 100 1
7 1 8 100 1
8 1 10 100 1
9 2 5 100 1
10 2 7 100 1
11 2 9 100 1
12 2 11 100 1
13 3 5 100 1
14 3 7 100 1
15 3 9 100 1
16 3 11 100 1
17 4 12 100 1
18 4 13 100 1
19 5 12 100 1
20 5 13 100 1
21 6 14 100 1
22 6 15 100 1
23 7 14 100 1
24 7 15 100 1
25 8 16 100 1
26 8 17 100 1
27 9 16 100 1
28 9 17 100 1
29 10 18 100 1
30 10 19 100 1
31 11 18 100 1
32 11 19 100 1
33 12 20 100 1
34 12 21 100 1
35 13 22 100 1
36 13 23 100 1
37 14 24 100 1
38 14 25 100 1
39 15 26 100 1
40 15 27 100 1
41 16 28 100 1
42 16 29 100 1
43 17 30 100 1
44 17 31 100 1
45 18 32 100 1
46 18 33 100 1
47 19 34 100 1
48 19 35 100 1
