20 16
0 0 4 100 1
1 0 6 100 1
2 0 8 100 1
3 0 10 100 1
4 1 4 100 1
5 1 6 100 1
6 1 8 100 1
7 1 10 100 1
8 2 5 100 1
9 2 7 100 1
10 2 9 100 1
11 2 11 100 1
12 3 5 100 1
13 3 7 100 1
14 3 9 100 1
15 3 11 100 1
16 4 12 100 1
17 4 13 100 1
18 5 12 100 1
19 5 13 100 1
20 6 14 100 1
21 6 15 100 1
22 7 14 100 1
23 7 15 100 1
24 8 16 100 1
25 8 17 100 1
26 9 16 100 1
27 9 17 100 1
28 10 18 100 1
29 10 19 100 1
30 11 18 100 1
31 11 19 100 1
32 12 20 100 1
33 12 21 100 1
34 13 22 100 1
35 13 23 100 1
36 14 24 100 1
37 14 25 100 1
38 15 26 100 1
39 15 27 100 1
40 16 28 100 1
41 16 29 100 1
42 17 30 100 1
43 17 31 100 1
44 18 32 100 1
45 18 33 100 1
46 19 34 100 1
47 19 35 100 1
