88 80 0.1428 200
96 80 0.1428 200
104 80 0.1428 200
112 80 0.1428 200
120 80 0.1428 200
128 80 0.1428 200
136 80 0.1428 200
89 81 0.1428 200
97 81 0.1428 200
105 81 0.1428 200
113 81 0.1428 200
121 81 0.1428 200
129 81 0.1428 200
137 81 0.1428 200
90 82 0.1428 200
98 82 0.1428 200
106 82 0.1428 200
114 82 0.1428 200
122 82 0.1428 200
130 82 0.1428 200
138 82 0.1428 200
91 83 0.1428 200
99 83 0.1428 200
107 83 0.1428 200
115 83 0.1428 200
123 83 0.1428 200
131 83 0.1428 200
139 83 0.1428 200
92 84 0.1428 200
100 84 0.1428 200
108 84 0.1428 200
116 84 0.1428 200
124 84 0.1428 200
132 84 0.1428 200
140 84 0.1428 200
93 85 0.1428 200
101 85 0.1428 200
109 85 0.1428 200
117 85 0.1428 200
125 85 0.1428 200
133 85 0.1428 200
141 85 0.1428 200
94 86 0.1428 200
102 86 0.1428 200
110 86 0.1428 200
118 86 0.1428 200
126 86 0.1428 200
134 86 0.1428 200
142 86 0.1428 200
95 87 0.1428 200
103 87 0.1428 200
111 87 0.1428 200
119 87 0.1428 200
127 87 0.1428 200
135 87 0.1428 200
143 87 0.1428 200
