36 37 0.0091 1
36 38 0.0091 1
36 39 0.0091 1
36 40 0.0091 1
36 41 0.0091 1
36 42 0.0091 1
36 43 0.0091 1
36 44 0.0091 1
36 45 0.0091 1
36 46 0.0091 1
36 47 0.0091 1
36 48 0.0091 1
36 49 0.0091 1
36 50 0.0091 1
36 51 0.0091 1
36 52 0.0091 1
36 53 0.0091 1
36 54 0.0091 1
36 55 0.0091 1
36 56 0.0091 1
36 57 0.0091 1
36 58 0.0091 1
36 59 0.0091 1
36 60 0.0091 1
36 61 0.0091 1
36 62 0.0091 1
36 63 0.0091 1
36 64 0.0091 1
36 65 0.0091 1
36 66 0.0091 1
36 67 0.0091 1
36 68 0.0091 1
36 69 0.0091 1
36 70 0.0091 1
36 71 0.0091 1
36 72 0.0091 1
36 73 0.0091 1
36 74 0.0091 1
36 75 0.0091 1
36 76 0.0091 1
36 77 0.0091 1
36 78 0.0091 1
36 79 0.0091 1
36 80 0.0091 1
36 81 0.0091 1
36 82 0.0091 1
36 83 0.0091 1
36 84 0.0091 1
36 85 0.0091 1
36 86 0.0091 1
36 87 0.0091 1
36 88 0.0091 1
36 89 0.0091 1
36 90 0.0091 1
36 91 0.0091 1
36 92 0.0091 1
36 93 0.0091 1
36 94 0.0091 1
36 95 0.0091 1
36 96 0.0091 1
36 97 0.0091 1
36 98 0.0091 1
36 99 0.0091 1
36 100 0.0091 1
36 101 0.0091 1
36 102 0.0091 1
36 103 0.0091 1
36 104 0.0091 1
36 105 0.0091 1
36 106 0.0091 1
36 107 0.0091 1
37 36 0.0091 1
37 38 0.0091 1
37 39 0.0091 1
37 40 0.0091 1
37 41 0.0091 1
37 42 0.0091 1
37 43 0.0091 1
37 44 0.0091 1
37 45 0.0091 1
37 46 0.0091 1
37 47 0.0091 1
37 48 0.0091 1
37 49 0.0091 1
37 50 0.0091 1
37 51 0.0091 1
37 52 0.0091 1
37 53 0.0091 1
37 54 0.0091 1
37 55 0.0091 1
37 56 0.0091 1
37 57 0.0091 1
37 58 0.0091 1
37 59 0.0091 1
37 60 0.0091 1
37 61 0.0091 1
37 62 0.0091 1
37 63 0.0091 1
37 64 0.0091 1
37 65 0.0091 1
37 66 0.0091 1
37 67 0.0091 1
37 68 0.0091 1
37 69 0.0091 1
37 70 0.0091 1
37 71 0.0091 1
37 72 0.0091 1
37 73 0.0091 1
37 74 0.0091 1
37 75 0.0091 1
37 76 0.0091 1
37 77 0.0091 1
37 78 0.0091 1
37 79 0.0091 1
37 80 0.0091 1
37 81 0.0091 1
37 82 0.0091 1
37 83 0.0091 1
37 84 0.0091 1
37 85 0.0091 1
37 86 0.0091 1
37 87 0.0091 1
37 88 0.0091 1
37 89 0.0091 1
37 90 0.0091 1
37 91 0.0091 1
37 92 0.0091 1
37 93 0.0091 1
37 94 0.0091 1
37 95 0.0091 1
37 96 0.0091 1
37 97 0.0091 1
37 98 0.0091 1
37 99 0.0091 1
37 100 0.0091 1
37 101 0.0091 1
37 102 0.0091 1
37 103 0.0091 1
37 104 0.0091 1
37 105 0.0091 1
37 106 0.0091 1
37 107 0.0091 1
38 36 0.0091 1
38 37 0.0091 1
38 39 0.0091 1
38 40 0.0091 1
38 41 0.0091 1
38 42 0.0091 1
38 43 0.0091 1
38 44 0.0091 1
38 45 0.0091 1
38 46 0.0091 1
38 47 0.0091 1
38 48 0.0091 1
38 49 0.0091 1
38 50 0.0091 1
38 51 0.0091 1
38 52 0.0091 1
38 53 0.0091 1
38 54 0.0091 1
38 55 0.0091 1
38 56 0.0091 1
38 57 0.0091 1
38 58 0.0091 1
38 59 0.0091 1
38 60 0.0091 1
38 61 0.0091 1
38 62 0.0091 1
38 63 0.0091 1
38 64 0.0091 1
38 65 0.0091 1
38 66 0.0091 1
38 67 0.0091 1
38 68 0.0091 1
38 69 0.0091 1
38 70 0.0091 1
38 71 0.0091 1
38 72 0.0091 1
38 73 0.0091 1
38 74 0.0091 1
38 75 0.0091 1
38 76 0.0091 1
38 77 0.0091 1
38 78 0.0091 1
38 79 0.0091 1
38 80 0.0091 1
38 81 0.0091 1
38 82 0.0091 1
38 83 0.0091 1
38 84 0.0091 1
38 85 0.0091 1
38 86 0.0091 1
38 87 0.0091 1
38 88 0.0091 1
38 89 0.0091 1
38 90 0.0091 1
38 91 0.0091 1
38 92 0.0091 1
38 93 0.0091 1
38 94 0.0091 1
38 95 0.0091 1
38 96 0.0091 1
38 97 0.0091 1
38 98 0.0091 1
38 99 0.0091 1
38 100 0.0091 1
38 101 0.0091 1
38 102 0.0091 1
38 103 0.0091 1
38 104 0.0091 1
38 105 0.0091 1
38 106 0.0091 1
38 107 0.0091 1
39 36 0.0091 1
39 37 0.0091 1
39 38 0.0091 1
39 40 0.0091 1
39 41 0.0091 1
39 42 0.0091 1
39 43 0.0091 1
39 44 0.0091 1
39 45 0.0091 1
39 46 0.0091 1
39 47 0.0091 1
39 48 0.0091 1
39 49 0.0091 1
39 50 0.0091 1
39 51 0.0091 1
39 52 0.0091 1
39 53 0.0091 1
39 54 0.0091 1
39 55 0.0091 1
39 56 0.0091 1
39 57 0.0091 1
39 58 0.0091 1
39 59 0.0091 1
39 60 0.0091 1
39 61 0.0091 1
39 62 0.0091 1
39 63 0.0091 1
39 64 0.0091 1
39 65 0.0091 1
39 66 0.0091 1
39 67 0.0091 1
39 68 0.0091 1
39 69 0.0091 1
39 70 0.0091 1
39 71 0.0091 1
39 72 0.0091 1
39 73 0.0091 1
39 74 0.0091 1
39 75 0.0091 1
39 76 0.0091 1
39 77 0.0091 1
39 78 0.0091 1
39 79 0.0091 1
39 80 0.0091 1
39 81 0.0091 1
39 82 0.0091 1
39 83 0.0091 1
39 84 0.0091 1
39 85 0.0091 1
39 86 0.0091 1
39 87 0.0091 1
39 88 0.0091 1
39 89 0.0091 1
39 90 0.0091 1
39 91 0.0091 1
39 92 0.0091 1
39 93 0.0091 1
39 94 0.0091 1
39 95 0.0091 1
39 96 0.0091 1
39 97 0.0091 1
39 98 0.0091 1
39 99 0.0091 1
39 100 0.0091 1
39 101 0.0091 1
39 102 0.0091 1
39 103 0.0091 1
39 104 0.0091 1
39 105 0.0091 1
39 106 0.0091 1
39 107 0.0091 1
40 36 0.0091 1
40 37 0.0091 1
40 38 0.0091 1
40 39 0.0091 1
40 41 0.0091 1
40 42 0.0091 1
40 43 0.0091 1
40 44 0.0091 1
40 45 0.0091 1
40 46 0.0091 1
40 47 0.0091 1
40 48 0.0091 1
40 49 0.0091 1
40 50 0.0091 1
40 51 0.0091 1
40 52 0.0091 1
40 53 0.0091 1
40 54 0.0091 1
40 55 0.0091 1
40 56 0.0091 1
40 57 0.0091 1
40 58 0.0091 1
40 59 0.0091 1
40 60 0.0091 1
40 61 0.0091 1
40 62 0.0091 1
40 63 0.0091 1
40 64 0.0091 1
40 65 0.0091 1
40 66 0.0091 1
40 67 0.0091 1
40 68 0.0091 1
40 69 0.0091 1
40 70 0.0091 1
40 71 0.0091 1
40 72 0.0091 1
40 73 0.0091 1
40 74 0.0091 1
40 75 0.0091 1
40 76 0.0091 1
40 77 0.0091 1
40 78 0.0091 1
40 79 0.0091 1
40 80 0.0091 1
40 81 0.0091 1
40 82 0.0091 1
40 83 0.0091 1
40 84 0.0091 1
40 85 0.0091 1
40 86 0.0091 1
40 87 0.0091 1
40 88 0.0091 1
40 89 0.0091 1
40 90 0.0091 1
40 91 0.0091 1
40 92 0.0091 1
40 93 0.0091 1
40 94 0.0091 1
40 95 0.0091 1
40 96 0.0091 1
40 97 0.0091 1
40 98 0.0091 1
40 99 0.0091 1
40 100 0.0091 1
40 101 0.0091 1
40 102 0.0091 1
40 103 0.0091 1
40 104 0.0091 1
40 105 0.0091 1
40 106 0.0091 1
40 107 0.0091 1
41 36 0.0091 1
41 37 0.0091 1
41 38 0.0091 1
41 39 0.0091 1
41 40 0.0091 1
41 42 0.0091 1
41 43 0.0091 1
41 44 0.0091 1
41 45 0.0091 1
41 46 0.0091 1
41 47 0.0091 1
41 48 0.0091 1
41 49 0.0091 1
41 50 0.0091 1
41 51 0.0091 1
41 52 0.0091 1
41 53 0.0091 1
41 54 0.0091 1
41 55 0.0091 1
41 56 0.0091 1
41 57 0.0091 1
41 58 0.0091 1
41 59 0.0091 1
41 60 0.0091 1
41 61 0.0091 1
41 62 0.0091 1
41 63 0.0091 1
41 64 0.0091 1
41 65 0.0091 1
41 66 0.0091 1
41 67 0.0091 1
41 68 0.0091 1
41 69 0.0091 1
41 70 0.0091 1
41 71 0.0091 1
41 72 0.0091 1
41 73 0.0091 1
41 74 0.0091 1
41 75 0.0091 1
41 76 0.0091 1
41 77 0.0091 1
41 78 0.0091 1
41 79 0.0091 1
41 80 0.0091 1
41 81 0.0091 1
41 82 0.0091 1
41 83 0.0091 1
41 84 0.0091 1
41 85 0.0091 1
41 86 0.0091 1
41 87 0.0091 1
41 88 0.0091 1
41 89 0.0091 1
41 90 0.0091 1
41 91 0.0091 1
41 92 0.0091 1
41 93 0.0091 1
41 94 0.0091 1
41 95 0.0091 1
41 96 0.0091 1
41 97 0.0091 1
41 98 0.0091 1
41 99 0.0091 1
41 100 0.0091 1
41 101 0.0091 1
41 102 0.0091 1
41 103 0.0091 1
41 104 0.0091 1
41 105 0.0091 1
41 106 0.0091 1
41 107 0.0091 1
42 36 0.0091 1
42 37 0.0091 1
42 38 0.0091 1
42 39 0.0091 1
42 40 0.0091 1
42 41 0.0091 1
42 43 0.0091 1
42 44 0.0091 1
42 45 0.0091 1
42 46 0.0091 1
42 47 0.0091 1
42 48 0.0091 1
42 49 0.0091 1
42 50 0.0091 1
42 51 0.0091 1
42 52 0.0091 1
42 53 0.0091 1
42 54 0.0091 1
42 55 0.0091 1
42 56 0.0091 1
42 57 0.0091 1
42 58 0.0091 1
42 59 0.0091 1
42 60 0.0091 1
42 61 0.0091 1
42 62 0.0091 1
42 63 0.0091 1
42 64 0.0091 1
42 65 0.0091 1
42 66 0.0091 1
42 67 0.0091 1
42 68 0.0091 1
42 69 0.0091 1
42 70 0.0091 1
42 71 0.0091 1
42 72 0.0091 1
42 73 0.0091 1
42 74 0.0091 1
42 75 0.0091 1
42 76 0.0091 1
42 77 0.0091 1
42 78 0.0091 1
42 79 0.0091 1
42 80 0.0091 1
42 81 0.0091 1
42 82 0.0091 1
42 83 0.0091 1
42 84 0.0091 1
42 85 0.0091 1
42 86 0.0091 1
42 87 0.0091 1
42 88 0.0091 1
42 89 0.0091 1
42 90 0.0091 1
42 91 0.0091 1
42 92 0.0091 1
42 93 0.0091 1
42 94 0.0091 1
42 95 0.0091 1
42 96 0.0091 1
42 97 0.0091 1
42 98 0.0091 1
42 99 0.0091 1
42 100 0.0091 1
42 101 0.0091 1
42 102 0.0091 1
42 103 0.0091 1
42 104 0.0091 1
42 105 0.0091 1
42 106 0.0091 1
42 107 0.0091 1
43 36 0.0091 1
43 37 0.0091 1
43 38 0.0091 1
43 39 0.0091 1
43 40 0.0091 1
43 41 0.0091 1
43 42 0.0091 1
43 44 0.0091 1
43 45 0.0091 1
43 46 0.0091 1
43 47 0.0091 1
43 48 0.0091 1
43 49 0.0091 1
43 50 0.0091 1
43 51 0.0091 1
43 52 0.0091 1
43 53 0.0091 1
43 54 0.0091 1
43 55 0.0091 1
43 56 0.0091 1
43 57 0.0091 1
43 58 0.0091 1
43 59 0.0091 1
43 60 0.0091 1
43 61 0.0091 1
43 62 0.0091 1
43 63 0.0091 1
43 64 0.0091 1
43 65 0.0091 1
43 66 0.0091 1
43 67 0.0091 1
43 68 0.0091 1
43 69 0.0091 1
43 70 0.0091 1
43 71 0.0091 1
43 72 0.0091 1
43 73 0.0091 1
43 74 0.0091 1
43 75 0.0091 1
43 76 0.0091 1
43 77 0.0091 1
43 78 0.0091 1
43 79 0.0091 1
43 80 0.0091 1
43 81 0.0091 1
43 82 0.0091 1
43 83 0.0091 1
43 84 0.0091 1
43 85 0.0091 1
43 86 0.0091 1
43 87 0.0091 1
43 88 0.0091 1
43 89 0.0091 1
43 90 0.0091 1
43 91 0.0091 1
43 92 0.0091 1
43 93 0.0091 1
43 94 0.0091 1
43 95 0.0091 1
43 96 0.0091 1
43 97 0.0091 1
43 98 0.0091 1
43 99 0.0091 1
43 100 0.0091 1
43 101 0.0091 1
43 102 0.0091 1
43 103 0.0091 1
43 104 0.0091 1
43 105 0.0091 1
43 106 0.0091 1
43 107 0.0091 1
44 36 0.0091 1
44 37 0.0091 1
44 38 0.0091 1
44 39 0.0091 1
44 40 0.0091 1
44 41 0.0091 1
44 42 0.0091 1
44 43 0.0091 1
44 45 0.0091 1
44 46 0.0091 1
44 47 0.0091 1
44 48 0.0091 1
44 49 0.0091 1
44 50 0.0091 1
44 51 0.0091 1
44 52 0.0091 1
44 53 0.0091 1
44 54 0.0091 1
44 55 0.0091 1
44 56 0.0091 1
44 57 0.0091 1
44 58 0.0091 1
44 59 0.0091 1
44 60 0.0091 1
44 61 0.0091 1
44 62 0.0091 1
44 63 0.0091 1
44 64 0.0091 1
44 65 0.0091 1
44 66 0.0091 1
44 67 0.0091 1
44 68 0.0091 1
44 69 0.0091 1
44 70 0.0091 1
44 71 0.0091 1
44 72 0.0091 1
44 73 0.0091 1
44 74 0.0091 1
44 75 0.0091 1
44 76 0.0091 1
44 77 0.0091 1
44 78 0.0091 1
44 79 0.0091 1
44 80 0.0091 1
44 81 0.0091 1
44 82 0.0091 1
44 83 0.0091 1
44 84 0.0091 1
44 85 0.0091 1
44 86 0.0091 1
44 87 0.0091 1
44 88 0.0091 1
44 89 0.0091 1
44 90 0.0091 1
44 91 0.0091 1
44 92 0.0091 1
44 93 0.0091 1
44 94 0.0091 1
44 95 0.0091 1
44 96 0.0091 1
44 97 0.0091 1
44 98 0.0091 1
44 99 0.0091 1
44 100 0.0091 1
44 101 0.0091 1
44 102 0.0091 1
44 103 0.0091 1
44 104 0.0091 1
44 105 0.0091 1
44 106 0.0091 1
44 107 0.0091 1
45 36 0.0091 1
45 37 0.0091 1
45 38 0.0091 1
45 39 0.0091 1
45 40 0.0091 1
45 41 0.0091 1
45 42 0.0091 1
45 43 0.0091 1
45 44 0.0091 1
45 46 0.0091 1
45 47 0.0091 1
45 48 0.0091 1
45 49 0.0091 1
45 50 0.0091 1
45 51 0.0091 1
45 52 0.0091 1
45 53 0.0091 1
45 54 0.0091 1
45 55 0.0091 1
45 56 0.0091 1
45 57 0.0091 1
45 58 0.0091 1
45 59 0.0091 1
45 60 0.0091 1
45 61 0.0091 1
45 62 0.0091 1
45 63 0.0091 1
45 64 0.0091 1
45 65 0.0091 1
45 66 0.0091 1
45 67 0.0091 1
45 68 0.0091 1
45 69 0.0091 1
45 70 0.0091 1
45 71 0.0091 1
45 72 0.0091 1
45 73 0.0091 1
45 74 0.0091 1
45 75 0.0091 1
45 76 0.0091 1
45 77 0.0091 1
45 78 0.0091 1
45 79 0.0091 1
45 80 0.0091 1
45 81 0.0091 1
45 82 0.0091 1
45 83 0.0091 1
45 84 0.0091 1
45 85 0.0091 1
45 86 0.0091 1
45 87 0.0091 1
45 88 0.0091 1
45 89 0.0091 1
45 90 0.0091 1
45 91 0.0091 1
45 92 0.0091 1
45 93 0.0091 1
45 94 0.0091 1
45 95 0.0091 1
45 96 0.0091 1
45 97 0.0091 1
45 98 0.0091 1
45 99 0.0091 1
45 100 0.0091 1
45 101 0.0091 1
45 102 0.0091 1
45 103 0.0091 1
45 104 0.0091 1
45 105 0.0091 1
45 106 0.0091 1
45 107 0.0091 1
46 36 0.0091 1
46 37 0.0091 1
46 38 0.0091 1
46 39 0.0091 1
46 40 0.0091 1
46 41 0.0091 1
46 42 0.0091 1
46 43 0.0091 1
46 44 0.0091 1
46 45 0.0091 1
46 47 0.0091 1
46 48 0.0091 1
46 49 0.0091 1
46 50 0.0091 1
46 51 0.0091 1
46 52 0.0091 1
46 53 0.0091 1
46 54 0.0091 1
46 55 0.0091 1
46 56 0.0091 1
46 57 0.0091 1
46 58 0.0091 1
46 59 0.0091 1
46 60 0.0091 1
46 61 0.0091 1
46 62 0.0091 1
46 63 0.0091 1
46 64 0.0091 1
46 65 0.0091 1
46 66 0.0091 1
46 67 0.0091 1
46 68 0.0091 1
46 69 0.0091 1
46 70 0.0091 1
46 71 0.0091 1
46 72 0.0091 1
46 73 0.0091 1
46 74 0.0091 1
46 75 0.0091 1
46 76 0.0091 1
46 77 0.0091 1
46 78 0.0091 1
46 79 0.0091 1
46 80 0.0091 1
46 81 0.0091 1
46 82 0.0091 1
46 83 0.0091 1
46 84 0.0091 1
46 85 0.0091 1
46 86 0.0091 1
46 87 0.0091 1
46 88 0.0091 1
46 89 0.0091 1
46 90 0.0091 1
46 91 0.0091 1
46 92 0.0091 1
46 93 0.0091 1
46 94 0.0091 1
46 95 0.0091 1
46 96 0.0091 1
46 97 0.0091 1
46 98 0.0091 1
46 99 0.0091 1
46 100 0.0091 1
46 101 0.0091 1
46 102 0.0091 1
46 103 0.0091 1
46 104 0.0091 1
46 105 0.0091 1
46 106 0.0091 1
46 107 0.0091 1
47 36 0.0091 1
47 37 0.0091 1
47 38 0.0091 1
47 39 0.0091 1
47 40 0.0091 1
47 41 0.0091 1
47 42 0.0091 1
47 43 0.0091 1
47 44 0.0091 1
47 45 0.0091 1
47 46 0.0091 1
47 48 0.0091 1
47 49 0.0091 1
47 50 0.0091 1
47 51 0.0091 1
47 52 0.0091 1
47 53 0.0091 1
47 54 0.0091 1
47 55 0.0091 1
47 56 0.0091 1
47 57 0.0091 1
47 58 0.0091 1
47 59 0.0091 1
47 60 0.0091 1
47 61 0.0091 1
47 62 0.0091 1
47 63 0.0091 1
47 64 0.0091 1
47 65 0.0091 1
47 66 0.0091 1
47 67 0.0091 1
47 68 0.0091 1
47 69 0.0091 1
47 70 0.0091 1
47 71 0.0091 1
47 72 0.0091 1
47 73 0.0091 1
47 74 0.0091 1
47 75 0.0091 1
47 76 0.0091 1
47 77 0.0091 1
47 78 0.0091 1
47 79 0.0091 1
47 80 0.0091 1
47 81 0.0091 1
47 82 0.0091 1
47 83 0.0091 1
47 84 0.0091 1
47 85 0.0091 1
47 86 0.0091 1
47 87 0.0091 1
47 88 0.0091 1
47 89 0.0091 1
47 90 0.0091 1
47 91 0.0091 1
47 92 0.0091 1
47 93 0.0091 1
47 94 0.0091 1
47 95 0.0091 1
47 96 0.0091 1
47 97 0.0091 1
47 98 0.0091 1
47 99 0.0091 1
47 100 0.0091 1
47 101 0.0091 1
47 102 0.0091 1
47 103 0.0091 1
47 104 0.0091 1
47 105 0.0091 1
47 106 0.0091 1
47 107 0.0091 1
48 36 0.0091 1
48 37 0.0091 1
48 38 0.0091 1
48 39 0.0091 1
48 40 0.0091 1
48 41 0.0091 1
48 42 0.0091 1
48 43 0.0091 1
48 44 0.0091 1
48 45 0.0091 1
48 46 0.0091 1
48 47 0.0091 1
48 49 0.0091 1
48 50 0.0091 1
48 51 0.0091 1
48 52 0.0091 1
48 53 0.0091 1
48 54 0.0091 1
48 55 0.0091 1
48 56 0.0091 1
48 57 0.0091 1
48 58 0.0091 1
48 59 0.0091 1
48 60 0.0091 1
48 61 0.0091 1
48 62 0.0091 1
48 63 0.0091 1
48 64 0.0091 1
48 65 0.0091 1
48 66 0.0091 1
48 67 0.0091 1
48 68 0.0091 1
48 69 0.0091 1
48 70 0.0091 1
48 71 0.0091 1
48 72 0.0091 1
48 73 0.0091 1
48 74 0.0091 1
48 75 0.0091 1
48 76 0.0091 1
48 77 0.0091 1
48 78 0.0091 1
48 79 0.0091 1
48 80 0.0091 1
48 81 0.0091 1
48 82 0.0091 1
48 83 0.0091 1
48 84 0.0091 1
48 85 0.0091 1
48 86 0.0091 1
48 87 0.0091 1
48 88 0.0091 1
48 89 0.0091 1
48 90 0.0091 1
48 91 0.0091 1
48 92 0.0091 1
48 93 0.0091 1
48 94 0.0091 1
48 95 0.0091 1
48 96 0.0091 1
48 97 0.0091 1
48 98 0.0091 1
48 99 0.0091 1
48 100 0.0091 1
48 101 0.0091 1
48 102 0.0091 1
48 103 0.0091 1
48 104 0.0091 1
48 105 0.0091 1
48 106 0.0091 1
48 107 0.0091 1
49 36 0.0091 1
49 37 0.0091 1
49 38 0.0091 1
49 39 0.0091 1
49 40 0.0091 1
49 41 0.0091 1
49 42 0.0091 1
49 43 0.0091 1
49 44 0.0091 1
49 45 0.0091 1
49 46 0.0091 1
49 47 0.0091 1
49 48 0.0091 1
49 50 0.0091 1
49 51 0.0091 1
49 52 0.0091 1
49 53 0.0091 1
49 54 0.0091 1
49 55 0.0091 1
49 56 0.0091 1
49 57 0.0091 1
49 58 0.0091 1
49 59 0.0091 1
49 60 0.0091 1
49 61 0.0091 1
49 62 0.0091 1
49 63 0.0091 1
49 64 0.0091 1
49 65 0.0091 1
49 66 0.0091 1
49 67 0.0091 1
49 68 0.0091 1
49 69 0.0091 1
49 70 0.0091 1
49 71 0.0091 1
49 72 0.0091 1
49 73 0.0091 1
49 74 0.0091 1
49 75 0.0091 1
49 76 0.0091 1
49 77 0.0091 1
49 78 0.0091 1
49 79 0.0091 1
49 80 0.0091 1
49 81 0.0091 1
49 82 0.0091 1
49 83 0.0091 1
49 84 0.0091 1
49 85 0.0091 1
49 86 0.0091 1
49 87 0.0091 1
49 88 0.0091 1
49 89 0.0091 1
49 90 0.0091 1
49 91 0.0091 1
49 92 0.0091 1
49 93 0.0091 1
49 94 0.0091 1
49 95 0.0091 1
49 96 0.0091 1
49 97 0.0091 1
49 98 0.0091 1
49 99 0.0091 1
49 100 0.0091 1
49 101 0.0091 1
49 102 0.0091 1
49 103 0.0091 1
49 104 0.0091 1
49 105 0.0091 1
49 106 0.0091 1
49 107 0.0091 1
50 36 0.0091 1
50 37 0.0091 1
50 38 0.0091 1
50 39 0.0091 1
50 40 0.0091 1
50 41 0.0091 1
50 42 0.0091 1
50 43 0.0091 1
50 44 0.0091 1
50 45 0.0091 1
50 46 0.0091 1
50 47 0.0091 1
50 48 0.0091 1
50 49 0.0091 1
50 51 0.0091 1
50 52 0.0091 1
50 53 0.0091 1
50 54 0.0091 1
50 55 0.0091 1
50 56 0.0091 1
50 57 0.0091 1
50 58 0.0091 1
50 59 0.0091 1
50 60 0.0091 1
50 61 0.0091 1
50 62 0.0091 1
50 63 0.0091 1
50 64 0.0091 1
50 65 0.0091 1
50 66 0.0091 1
50 67 0.0091 1
50 68 0.0091 1
50 69 0.0091 1
50 70 0.0091 1
50 71 0.0091 1
50 72 0.0091 1
50 73 0.0091 1
50 74 0.0091 1
50 75 0.0091 1
50 76 0.0091 1
50 77 0.0091 1
50 78 0.0091 1
50 79 0.0091 1
50 80 0.0091 1
50 81 0.0091 1
50 82 0.0091 1
50 83 0.0091 1
50 84 0.0091 1
50 85 0.0091 1
50 86 0.0091 1
50 87 0.0091 1
50 88 0.0091 1
50 89 0.0091 1
50 90 0.0091 1
50 91 0.0091 1
50 92 0.0091 1
50 93 0.0091 1
50 94 0.0091 1
50 95 0.0091 1
50 96 0.0091 1
50 97 0.0091 1
50 98 0.0091 1
50 99 0.0091 1
50 100 0.0091 1
50 101 0.0091 1
50 102 0.0091 1
50 103 0.0091 1
50 104 0.0091 1
50 105 0.0091 1
50 106 0.0091 1
50 107 0.0091 1
51 36 0.0091 1
51 37 0.0091 1
51 38 0.0091 1
51 39 0.0091 1
51 40 0.0091 1
51 41 0.0091 1
51 42 0.0091 1
51 43 0.0091 1
51 44 0.0091 1
51 45 0.0091 1
51 46 0.0091 1
51 47 0.0091 1
51 48 0.0091 1
51 49 0.0091 1
51 50 0.0091 1
51 52 0.0091 1
51 53 0.0091 1
51 54 0.0091 1
51 55 0.0091 1
51 56 0.0091 1
51 57 0.0091 1
51 58 0.0091 1
51 59 0.0091 1
51 60 0.0091 1
51 61 0.0091 1
51 62 0.0091 1
51 63 0.0091 1
51 64 0.0091 1
51 65 0.0091 1
51 66 0.0091 1
51 67 0.0091 1
51 68 0.0091 1
51 69 0.0091 1
51 70 0.0091 1
51 71 0.0091 1
51 72 0.0091 1
51 73 0.0091 1
51 74 0.0091 1
51 75 0.0091 1
51 76 0.0091 1
51 77 0.0091 1
51 78 0.0091 1
51 79 0.0091 1
51 80 0.0091 1
51 81 0.0091 1
51 82 0.0091 1
51 83 0.0091 1
51 84 0.0091 1
51 85 0.0091 1
51 86 0.0091 1
51 87 0.0091 1
51 88 0.0091 1
51 89 0.0091 1
51 90 0.0091 1
51 91 0.0091 1
51 92 0.0091 1
51 93 0.0091 1
51 94 0.0091 1
51 95 0.0091 1
51 96 0.0091 1
51 97 0.0091 1
51 98 0.0091 1
51 99 0.0091 1
51 100 0.0091 1
51 101 0.0091 1
51 102 0.0091 1
51 103 0.0091 1
51 104 0.0091 1
51 105 0.0091 1
51 106 0.0091 1
51 107 0.0091 1
52 36 0.0091 1
52 37 0.0091 1
52 38 0.0091 1
52 39 0.0091 1
52 40 0.0091 1
52 41 0.0091 1
52 42 0.0091 1
52 43 0.0091 1
52 44 0.0091 1
52 45 0.0091 1
52 46 0.0091 1
52 47 0.0091 1
52 48 0.0091 1
52 49 0.0091 1
52 50 0.0091 1
52 51 0.0091 1
52 53 0.0091 1
52 54 0.0091 1
52 55 0.0091 1
52 56 0.0091 1
52 57 0.0091 1
52 58 0.0091 1
52 59 0.0091 1
52 60 0.0091 1
52 61 0.0091 1
52 62 0.0091 1
52 63 0.0091 1
52 64 0.0091 1
52 65 0.0091 1
52 66 0.0091 1
52 67 0.0091 1
52 68 0.0091 1
52 69 0.0091 1
52 70 0.0091 1
52 71 0.0091 1
52 72 0.0091 1
52 73 0.0091 1
52 74 0.0091 1
52 75 0.0091 1
52 76 0.0091 1
52 77 0.0091 1
52 78 0.0091 1
52 79 0.0091 1
52 80 0.0091 1
52 81 0.0091 1
52 82 0.0091 1
52 83 0.0091 1
52 84 0.0091 1
52 85 0.0091 1
52 86 0.0091 1
52 87 0.0091 1
52 88 0.0091 1
52 89 0.0091 1
52 90 0.0091 1
52 91 0.0091 1
52 92 0.0091 1
52 93 0.0091 1
52 94 0.0091 1
52 95 0.0091 1
52 96 0.0091 1
52 97 0.0091 1
52 98 0.0091 1
52 99 0.0091 1
52 100 0.0091 1
52 101 0.0091 1
52 102 0.0091 1
52 103 0.0091 1
52 104 0.0091 1
52 105 0.0091 1
52 106 0.0091 1
52 107 0.0091 1
53 36 0.0091 1
53 37 0.0091 1
53 38 0.0091 1
53 39 0.0091 1
53 40 0.0091 1
53 41 0.0091 1
53 42 0.0091 1
53 43 0.0091 1
53 44 0.0091 1
53 45 0.0091 1
53 46 0.0091 1
53 47 0.0091 1
53 48 0.0091 1
53 49 0.0091 1
53 50 0.0091 1
53 51 0.0091 1
53 52 0.0091 1
53 54 0.0091 1
53 55 0.0091 1
53 56 0.0091 1
53 57 0.0091 1
53 58 0.0091 1
53 59 0.0091 1
53 60 0.0091 1
53 61 0.0091 1
53 62 0.0091 1
53 63 0.0091 1
53 64 0.0091 1
53 65 0.0091 1
53 66 0.0091 1
53 67 0.0091 1
53 68 0.0091 1
53 69 0.0091 1
53 70 0.0091 1
53 71 0.0091 1
53 72 0.0091 1
53 73 0.0091 1
53 74 0.0091 1
53 75 0.0091 1
53 76 0.0091 1
53 77 0.0091 1
53 78 0.0091 1
53 79 0.0091 1
53 80 0.0091 1
53 81 0.0091 1
53 82 0.0091 1
53 83 0.0091 1
53 84 0.0091 1
53 85 0.0091 1
53 86 0.0091 1
53 87 0.0091 1
53 88 0.0091 1
53 89 0.0091 1
53 90 0.0091 1
53 91 0.0091 1
53 92 0.0091 1
53 93 0.0091 1
53 94 0.0091 1
53 95 0.0091 1
53 96 0.0091 1
53 97 0.0091 1
53 98 0.0091 1
53 99 0.0091 1
53 100 0.0091 1
53 101 0.0091 1
53 102 0.0091 1
53 103 0.0091 1
53 104 0.0091 1
53 105 0.0091 1
53 106 0.0091 1
53 107 0.0091 1
54 36 0.0091 1
54 37 0.0091 1
54 38 0.0091 1
54 39 0.0091 1
54 40 0.0091 1
54 41 0.0091 1
54 42 0.0091 1
54 43 0.0091 1
54 44 0.0091 1
54 45 0.0091 1
54 46 0.0091 1
54 47 0.0091 1
54 48 0.0091 1
54 49 0.0091 1
54 50 0.0091 1
54 51 0.0091 1
54 52 0.0091 1
54 53 0.0091 1
54 55 0.0091 1
54 56 0.0091 1
54 57 0.0091 1
54 58 0.0091 1
54 59 0.0091 1
54 60 0.0091 1
54 61 0.0091 1
54 62 0.0091 1
54 63 0.0091 1
54 64 0.0091 1
54 65 0.0091 1
54 66 0.0091 1
54 67 0.0091 1
54 68 0.0091 1
54 69 0.0091 1
54 70 0.0091 1
54 71 0.0091 1
54 72 0.0091 1
54 73 0.0091 1
54 74 0.0091 1
54 75 0.0091 1
54 76 0.0091 1
54 77 0.0091 1
54 78 0.0091 1
54 79 0.0091 1
54 80 0.0091 1
54 81 0.0091 1
54 82 0.0091 1
54 83 0.0091 1
54 84 0.0091 1
54 85 0.0091 1
54 86 0.0091 1
54 87 0.0091 1
54 88 0.0091 1
54 89 0.0091 1
54 90 0.0091 1
54 91 0.0091 1
54 92 0.0091 1
54 93 0.0091 1
54 94 0.0091 1
54 95 0.0091 1
54 96 0.0091 1
54 97 0.0091 1
54 98 0.0091 1
54 99 0.0091 1
54 100 0.0091 1
54 101 0.0091 1
54 102 0.0091 1
54 103 0.0091 1
54 104 0.0091 1
54 105 0.0091 1
54 106 0.0091 1
54 107 0.0091 1
55 36 0.0091 1
55 37 0.0091 1
55 38 0.0091 1
55 39 0.0091 1
55 40 0.0091 1
55 41 0.0091 1
55 42 0.0091 1
55 43 0.0091 1
55 44 0.0091 1
55 45 0.0091 1
55 46 0.0091 1
55 47 0.0091 1
55 48 0.0091 1
55 49 0.0091 1
55 50 0.0091 1
55 51 0.0091 1
55 52 0.0091 1
55 53 0.0091 1
55 54 0.0091 1
55 56 0.0091 1
55 57 0.0091 1
55 58 0.0091 1
55 59 0.0091 1
55 60 0.0091 1
55 61 0.0091 1
55 62 0.0091 1
55 63 0.0091 1
55 64 0.0091 1
55 65 0.0091 1
55 66 0.0091 1
55 67 0.0091 1
55 68 0.0091 1
55 69 0.0091 1
55 70 0.0091 1
55 71 0.0091 1
55 72 0.0091 1
55 73 0.0091 1
55 74 0.0091 1
55 75 0.0091 1
55 76 0.0091 1
55 77 0.0091 1
55 78 0.0091 1
55 79 0.0091 1
55 80 0.0091 1
55 81 0.0091 1
55 82 0.0091 1
55 83 0.0091 1
55 84 0.0091 1
55 85 0.0091 1
55 86 0.0091 1
55 87 0.0091 1
55 88 0.0091 1
55 89 0.0091 1
55 90 0.0091 1
55 91 0.0091 1
55 92 0.0091 1
55 93 0.0091 1
55 94 0.0091 1
55 95 0.0091 1
55 96 0.0091 1
55 97 0.0091 1
55 98 0.0091 1
55 99 0.0091 1
55 100 0.0091 1
55 101 0.0091 1
55 102 0.0091 1
55 103 0.0091 1
55 104 0.0091 1
55 105 0.0091 1
55 106 0.0091 1
55 107 0.0091 1
56 36 0.0091 1
56 37 0.0091 1
56 38 0.0091 1
56 39 0.0091 1
56 40 0.0091 1
56 41 0.0091 1
56 42 0.0091 1
56 43 0.0091 1
56 44 0.0091 1
56 45 0.0091 1
56 46 0.0091 1
56 47 0.0091 1
56 48 0.0091 1
56 49 0.0091 1
56 50 0.0091 1
56 51 0.0091 1
56 52 0.0091 1
56 53 0.0091 1
56 54 0.0091 1
56 55 0.0091 1
56 57 0.0091 1
56 58 0.0091 1
56 59 0.0091 1
56 60 0.0091 1
56 61 0.0091 1
56 62 0.0091 1
56 63 0.0091 1
56 64 0.0091 1
56 65 0.0091 1
56 66 0.0091 1
56 67 0.0091 1
56 68 0.0091 1
56 69 0.0091 1
56 70 0.0091 1
56 71 0.0091 1
56 72 0.0091 1
56 73 0.0091 1
56 74 0.0091 1
56 75 0.0091 1
56 76 0.0091 1
56 77 0.0091 1
56 78 0.0091 1
56 79 0.0091 1
56 80 0.0091 1
56 81 0.0091 1
56 82 0.0091 1
56 83 0.0091 1
56 84 0.0091 1
56 85 0.0091 1
56 86 0.0091 1
56 87 0.0091 1
56 88 0.0091 1
56 89 0.0091 1
56 90 0.0091 1
56 91 0.0091 1
56 92 0.0091 1
56 93 0.0091 1
56 94 0.0091 1
56 95 0.0091 1
56 96 0.0091 1
56 97 0.0091 1
56 98 0.0091 1
56 99 0.0091 1
56 100 0.0091 1
56 101 0.0091 1
56 102 0.0091 1
56 103 0.0091 1
56 104 0.0091 1
56 105 0.0091 1
56 106 0.0091 1
56 107 0.0091 1
57 36 0.0091 1
57 37 0.0091 1
57 38 0.0091 1
57 39 0.0091 1
57 40 0.0091 1
57 41 0.0091 1
57 42 0.0091 1
57 43 0.0091 1
57 44 0.0091 1
57 45 0.0091 1
57 46 0.0091 1
57 47 0.0091 1
57 48 0.0091 1
57 49 0.0091 1
57 50 0.0091 1
57 51 0.0091 1
57 52 0.0091 1
57 53 0.0091 1
57 54 0.0091 1
57 55 0.0091 1
57 56 0.0091 1
57 58 0.0091 1
57 59 0.0091 1
57 60 0.0091 1
57 61 0.0091 1
57 62 0.0091 1
57 63 0.0091 1
57 64 0.0091 1
57 65 0.0091 1
57 66 0.0091 1
57 67 0.0091 1
57 68 0.0091 1
57 69 0.0091 1
57 70 0.0091 1
57 71 0.0091 1
57 72 0.0091 1
57 73 0.0091 1
57 74 0.0091 1
57 75 0.0091 1
57 76 0.0091 1
57 77 0.0091 1
57 78 0.0091 1
57 79 0.0091 1
57 80 0.0091 1
57 81 0.0091 1
57 82 0.0091 1
57 83 0.0091 1
57 84 0.0091 1
57 85 0.0091 1
57 86 0.0091 1
57 87 0.0091 1
57 88 0.0091 1
57 89 0.0091 1
57 90 0.0091 1
57 91 0.0091 1
57 92 0.0091 1
57 93 0.0091 1
57 94 0.0091 1
57 95 0.0091 1
57 96 0.0091 1
57 97 0.0091 1
57 98 0.0091 1
57 99 0.0091 1
57 100 0.0091 1
57 101 0.0091 1
57 102 0.0091 1
57 103 0.0091 1
57 104 0.0091 1
57 105 0.0091 1
57 106 0.0091 1
57 107 0.0091 1
58 36 0.0091 1
58 37 0.0091 1
58 38 0.0091 1
58 39 0.0091 1
58 40 0.0091 1
58 41 0.0091 1
58 42 0.0091 1
58 43 0.0091 1
58 44 0.0091 1
58 45 0.0091 1
58 46 0.0091 1
58 47 0.0091 1
58 48 0.0091 1
58 49 0.0091 1
58 50 0.0091 1
58 51 0.0091 1
58 52 0.0091 1
58 53 0.0091 1
58 54 0.0091 1
58 55 0.0091 1
58 56 0.0091 1
58 57 0.0091 1
58 59 0.0091 1
58 60 0.0091 1
58 61 0.0091 1
58 62 0.0091 1
58 63 0.0091 1
58 64 0.0091 1
58 65 0.0091 1
58 66 0.0091 1
58 67 0.0091 1
58 68 0.0091 1
58 69 0.0091 1
58 70 0.0091 1
58 71 0.0091 1
58 72 0.0091 1
58 73 0.0091 1
58 74 0.0091 1
58 75 0.0091 1
58 76 0.0091 1
58 77 0.0091 1
58 78 0.0091 1
58 79 0.0091 1
58 80 0.0091 1
58 81 0.0091 1
58 82 0.0091 1
58 83 0.0091 1
58 84 0.0091 1
58 85 0.0091 1
58 86 0.0091 1
58 87 0.0091 1
58 88 0.0091 1
58 89 0.0091 1
58 90 0.0091 1
58 91 0.0091 1
58 92 0.0091 1
58 93 0.0091 1
58 94 0.0091 1
58 95 0.0091 1
58 96 0.0091 1
58 97 0.0091 1
58 98 0.0091 1
58 99 0.0091 1
58 100 0.0091 1
58 101 0.0091 1
58 102 0.0091 1
58 103 0.0091 1
58 104 0.0091 1
58 105 0.0091 1
58 106 0.0091 1
58 107 0.0091 1
59 36 0.0091 1
59 37 0.0091 1
59 38 0.0091 1
59 39 0.0091 1
59 40 0.0091 1
59 41 0.0091 1
59 42 0.0091 1
59 43 0.0091 1
59 44 0.0091 1
59 45 0.0091 1
59 46 0.0091 1
59 47 0.0091 1
59 48 0.0091 1
59 49 0.0091 1
59 50 0.0091 1
59 51 0.0091 1
59 52 0.0091 1
59 53 0.0091 1
59 54 0.0091 1
59 55 0.0091 1
59 56 0.0091 1
59 57 0.0091 1
59 58 0.0091 1
59 60 0.0091 1
59 61 0.0091 1
59 62 0.0091 1
59 63 0.0091 1
59 64 0.0091 1
59 65 0.0091 1
59 66 0.0091 1
59 67 0.0091 1
59 68 0.0091 1
59 69 0.0091 1
59 70 0.0091 1
59 71 0.0091 1
59 72 0.0091 1
59 73 0.0091 1
59 74 0.0091 1
59 75 0.0091 1
59 76 0.0091 1
59 77 0.0091 1
59 78 0.0091 1
59 79 0.0091 1
59 80 0.0091 1
59 81 0.0091 1
59 82 0.0091 1
59 83 0.0091 1
59 84 0.0091 1
59 85 0.0091 1
59 86 0.0091 1
59 87 0.0091 1
59 88 0.0091 1
59 89 0.0091 1
59 90 0.0091 1
59 91 0.0091 1
59 92 0.0091 1
59 93 0.0091 1
59 94 0.0091 1
59 95 0.0091 1
59 96 0.0091 1
59 97 0.0091 1
59 98 0.0091 1
59 99 0.0091 1
59 100 0.0091 1
59 101 0.0091 1
59 102 0.0091 1
59 103 0.0091 1
59 104 0.0091 1
59 105 0.0091 1
59 106 0.0091 1
59 107 0.0091 1
60 36 0.0091 1
60 37 0.0091 1
60 38 0.0091 1
60 39 0.0091 1
60 40 0.0091 1
60 41 0.0091 1
60 42 0.0091 1
60 43 0.0091 1
60 44 0.0091 1
60 45 0.0091 1
60 46 0.0091 1
60 47 0.0091 1
60 48 0.0091 1
60 49 0.0091 1
60 50 0.0091 1
60 51 0.0091 1
60 52 0.0091 1
60 53 0.0091 1
60 54 0.0091 1
60 55 0.0091 1
60 56 0.0091 1
60 57 0.0091 1
60 58 0.0091 1
60 59 0.0091 1
60 61 0.0091 1
60 62 0.0091 1
60 63 0.0091 1
60 64 0.0091 1
60 65 0.0091 1
60 66 0.0091 1
60 67 0.0091 1
60 68 0.0091 1
60 69 0.0091 1
60 70 0.0091 1
60 71 0.0091 1
60 72 0.0091 1
60 73 0.0091 1
60 74 0.0091 1
60 75 0.0091 1
60 76 0.0091 1
60 77 0.0091 1
60 78 0.0091 1
60 79 0.0091 1
60 80 0.0091 1
60 81 0.0091 1
60 82 0.0091 1
60 83 0.0091 1
60 84 0.0091 1
60 85 0.0091 1
60 86 0.0091 1
60 87 0.0091 1
60 88 0.0091 1
60 89 0.0091 1
60 90 0.0091 1
60 91 0.0091 1
60 92 0.0091 1
60 93 0.0091 1
60 94 0.0091 1
60 95 0.0091 1
60 96 0.0091 1
60 97 0.0091 1
60 98 0.0091 1
60 99 0.0091 1
60 100 0.0091 1
60 101 0.0091 1
60 102 0.0091 1
60 103 0.0091 1
60 104 0.0091 1
60 105 0.0091 1
60 106 0.0091 1
60 107 0.0091 1
61 36 0.0091 1
61 37 0.0091 1
61 38 0.0091 1
61 39 0.0091 1
61 40 0.0091 1
61 41 0.0091 1
61 42 0.0091 1
61 43 0.0091 1
61 44 0.0091 1
61 45 0.0091 1
61 46 0.0091 1
61 47 0.0091 1
61 48 0.0091 1
61 49 0.0091 1
61 50 0.0091 1
61 51 0.0091 1
61 52 0.0091 1
61 53 0.0091 1
61 54 0.0091 1
61 55 0.0091 1
61 56 0.0091 1
61 57 0.0091 1
61 58 0.0091 1
61 59 0.0091 1
61 60 0.0091 1
61 62 0.0091 1
61 63 0.0091 1
61 64 0.0091 1
61 65 0.0091 1
61 66 0.0091 1
61 67 0.0091 1
61 68 0.0091 1
61 69 0.0091 1
61 70 0.0091 1
61 71 0.0091 1
61 72 0.0091 1
61 73 0.0091 1
61 74 0.0091 1
61 75 0.0091 1
61 76 0.0091 1
61 77 0.0091 1
61 78 0.0091 1
61 79 0.0091 1
61 80 0.0091 1
61 81 0.0091 1
61 82 0.0091 1
61 83 0.0091 1
61 84 0.0091 1
61 85 0.0091 1
61 86 0.0091 1
61 87 0.0091 1
61 88 0.0091 1
61 89 0.0091 1
61 90 0.0091 1
61 91 0.0091 1
61 92 0.0091 1
61 93 0.0091 1
61 94 0.0091 1
61 95 0.0091 1
61 96 0.0091 1
61 97 0.0091 1
61 98 0.0091 1
61 99 0.0091 1
61 100 0.0091 1
61 101 0.0091 1
61 102 0.0091 1
61 103 0.0091 1
61 104 0.0091 1
61 105 0.0091 1
61 106 0.0091 1
61 107 0.0091 1
62 36 0.0091 1
62 37 0.0091 1
62 38 0.0091 1
62 39 0.0091 1
62 40 0.0091 1
62 41 0.0091 1
62 42 0.0091 1
62 43 0.0091 1
62 44 0.0091 1
62 45 0.0091 1
62 46 0.0091 1
62 47 0.0091 1
62 48 0.0091 1
62 49 0.0091 1
62 50 0.0091 1
62 51 0.0091 1
62 52 0.0091 1
62 53 0.0091 1
62 54 0.0091 1
62 55 0.0091 1
62 56 0.0091 1
62 57 0.0091 1
62 58 0.0091 1
62 59 0.0091 1
62 60 0.0091 1
62 61 0.0091 1
62 63 0.0091 1
62 64 0.0091 1
62 65 0.0091 1
62 66 0.0091 1
62 67 0.0091 1
62 68 0.0091 1
62 69 0.0091 1
62 70 0.0091 1
62 71 0.0091 1
62 72 0.0091 1
62 73 0.0091 1
62 74 0.0091 1
62 75 0.0091 1
62 76 0.0091 1
62 77 0.0091 1
62 78 0.0091 1
62 79 0.0091 1
62 80 0.0091 1
62 81 0.0091 1
62 82 0.0091 1
62 83 0.0091 1
62 84 0.0091 1
62 85 0.0091 1
62 86 0.0091 1
62 87 0.0091 1
62 88 0.0091 1
62 89 0.0091 1
62 90 0.0091 1
62 91 0.0091 1
62 92 0.0091 1
62 93 0.0091 1
62 94 0.0091 1
62 95 0.0091 1
62 96 0.0091 1
62 97 0.0091 1
62 98 0.0091 1
62 99 0.0091 1
62 100 0.0091 1
62 101 0.0091 1
62 102 0.0091 1
62 103 0.0091 1
62 104 0.0091 1
62 105 0.0091 1
62 106 0.0091 1
62 107 0.0091 1
63 36 0.0091 1
63 37 0.0091 1
63 38 0.0091 1
63 39 0.0091 1
63 40 0.0091 1
63 41 0.0091 1
63 42 0.0091 1
63 43 0.0091 1
63 44 0.0091 1
63 45 0.0091 1
63 46 0.0091 1
63 47 0.0091 1
63 48 0.0091 1
63 49 0.0091 1
63 50 0.0091 1
63 51 0.0091 1
63 52 0.0091 1
63 53 0.0091 1
63 54 0.0091 1
63 55 0.0091 1
63 56 0.0091 1
63 57 0.0091 1
63 58 0.0091 1
63 59 0.0091 1
63 60 0.0091 1
63 61 0.0091 1
63 62 0.0091 1
63 64 0.0091 1
63 65 0.0091 1
63 66 0.0091 1
63 67 0.0091 1
63 68 0.0091 1
63 69 0.0091 1
63 70 0.0091 1
63 71 0.0091 1
63 72 0.0091 1
63 73 0.0091 1
63 74 0.0091 1
63 75 0.0091 1
63 76 0.0091 1
63 77 0.0091 1
63 78 0.0091 1
63 79 0.0091 1
63 80 0.0091 1
63 81 0.0091 1
63 82 0.0091 1
63 83 0.0091 1
63 84 0.0091 1
63 85 0.0091 1
63 86 0.0091 1
63 87 0.0091 1
63 88 0.0091 1
63 89 0.0091 1
63 90 0.0091 1
63 91 0.0091 1
63 92 0.0091 1
63 93 0.0091 1
63 94 0.0091 1
63 95 0.0091 1
63 96 0.0091 1
63 97 0.0091 1
63 98 0.0091 1
63 99 0.0091 1
63 100 0.0091 1
63 101 0.0091 1
63 102 0.0091 1
63 103 0.0091 1
63 104 0.0091 1
63 105 0.0091 1
63 106 0.0091 1
63 107 0.0091 1
64 36 0.0091 1
64 37 0.0091 1
64 38 0.0091 1
64 39 0.0091 1
64 40 0.0091 1
64 41 0.0091 1
64 42 0.0091 1
64 43 0.0091 1
64 44 0.0091 1
64 45 0.0091 1
64 46 0.0091 1
64 47 0.0091 1
64 48 0.0091 1
64 49 0.0091 1
64 50 0.0091 1
64 51 0.0091 1
64 52 0.0091 1
64 53 0.0091 1
64 54 0.0091 1
64 55 0.0091 1
64 56 0.0091 1
64 57 0.0091 1
64 58 0.0091 1
64 59 0.0091 1
64 60 0.0091 1
64 61 0.0091 1
64 62 0.0091 1
64 63 0.0091 1
64 65 0.0091 1
64 66 0.0091 1
64 67 0.0091 1
64 68 0.0091 1
64 69 0.0091 1
64 70 0.0091 1
64 71 0.0091 1
64 72 0.0091 1
64 73 0.0091 1
64 74 0.0091 1
64 75 0.0091 1
64 76 0.0091 1
64 77 0.0091 1
64 78 0.0091 1
64 79 0.0091 1
64 80 0.0091 1
64 81 0.0091 1
64 82 0.0091 1
64 83 0.0091 1
64 84 0.0091 1
64 85 0.0091 1
64 86 0.0091 1
64 87 0.0091 1
64 88 0.0091 1
64 89 0.0091 1
64 90 0.0091 1
64 91 0.0091 1
64 92 0.0091 1
64 93 0.0091 1
64 94 0.0091 1
64 95 0.0091 1
64 96 0.0091 1
64 97 0.0091 1
64 98 0.0091 1
64 99 0.0091 1
64 100 0.0091 1
64 101 0.0091 1
64 102 0.0091 1
64 103 0.0091 1
64 104 0.0091 1
64 105 0.0091 1
64 106 0.0091 1
64 107 0.0091 1
65 36 0.0091 1
65 37 0.0091 1
65 38 0.0091 1
65 39 0.0091 1
65 40 0.0091 1
65 41 0.0091 1
65 42 0.0091 1
65 43 0.0091 1
65 44 0.0091 1
65 45 0.0091 1
65 46 0.0091 1
65 47 0.0091 1
65 48 0.0091 1
65 49 0.0091 1
65 50 0.0091 1
65 51 0.0091 1
65 52 0.0091 1
65 53 0.0091 1
65 54 0.0091 1
65 55 0.0091 1
65 56 0.0091 1
65 57 0.0091 1
65 58 0.0091 1
65 59 0.0091 1
65 60 0.0091 1
65 61 0.0091 1
65 62 0.0091 1
65 63 0.0091 1
65 64 0.0091 1
65 66 0.0091 1
65 67 0.0091 1
65 68 0.0091 1
65 69 0.0091 1
65 70 0.0091 1
65 71 0.0091 1
65 72 0.0091 1
65 73 0.0091 1
65 74 0.0091 1
65 75 0.0091 1
65 76 0.0091 1
65 77 0.0091 1
65 78 0.0091 1
65 79 0.0091 1
65 80 0.0091 1
65 81 0.0091 1
65 82 0.0091 1
65 83 0.0091 1
65 84 0.0091 1
65 85 0.0091 1
65 86 0.0091 1
65 87 0.0091 1
65 88 0.0091 1
65 89 0.0091 1
65 90 0.0091 1
65 91 0.0091 1
65 92 0.0091 1
65 93 0.0091 1
65 94 0.0091 1
65 95 0.0091 1
65 96 0.0091 1
65 97 0.0091 1
65 98 0.0091 1
65 99 0.0091 1
65 100 0.0091 1
65 101 0.0091 1
65 102 0.0091 1
65 103 0.0091 1
65 104 0.0091 1
65 105 0.0091 1
65 106 0.0091 1
65 107 0.0091 1
66 36 0.0091 1
66 37 0.0091 1
66 38 0.0091 1
66 39 0.0091 1
66 40 0.0091 1
66 41 0.0091 1
66 42 0.0091 1
66 43 0.0091 1
66 44 0.0091 1
66 45 0.0091 1
66 46 0.0091 1
66 47 0.0091 1
66 48 0.0091 1
66 49 0.0091 1
66 50 0.0091 1
66 51 0.0091 1
66 52 0.0091 1
66 53 0.0091 1
66 54 0.0091 1
66 55 0.0091 1
66 56 0.0091 1
66 57 0.0091 1
66 58 0.0091 1
66 59 0.0091 1
66 60 0.0091 1
66 61 0.0091 1
66 62 0.0091 1
66 63 0.0091 1
66 64 0.0091 1
66 65 0.0091 1
66 67 0.0091 1
66 68 0.0091 1
66 69 0.0091 1
66 70 0.0091 1
66 71 0.0091 1
66 72 0.0091 1
66 73 0.0091 1
66 74 0.0091 1
66 75 0.0091 1
66 76 0.0091 1
66 77 0.0091 1
66 78 0.0091 1
66 79 0.0091 1
66 80 0.0091 1
66 81 0.0091 1
66 82 0.0091 1
66 83 0.0091 1
66 84 0.0091 1
66 85 0.0091 1
66 86 0.0091 1
66 87 0.0091 1
66 88 0.0091 1
66 89 0.0091 1
66 90 0.0091 1
66 91 0.0091 1
66 92 0.0091 1
66 93 0.0091 1
66 94 0.0091 1
66 95 0.0091 1
66 96 0.0091 1
66 97 0.0091 1
66 98 0.0091 1
66 99 0.0091 1
66 100 0.0091 1
66 101 0.0091 1
66 102 0.0091 1
66 103 0.0091 1
66 104 0.0091 1
66 105 0.0091 1
66 106 0.0091 1
66 107 0.0091 1
67 36 0.0091 1
67 37 0.0091 1
67 38 0.0091 1
67 39 0.0091 1
67 40 0.0091 1
67 41 0.0091 1
67 42 0.0091 1
67 43 0.0091 1
67 44 0.0091 1
67 45 0.0091 1
67 46 0.0091 1
67 47 0.0091 1
67 48 0.0091 1
67 49 0.0091 1
67 50 0.0091 1
67 51 0.0091 1
67 52 0.0091 1
67 53 0.0091 1
67 54 0.0091 1
67 55 0.0091 1
67 56 0.0091 1
67 57 0.0091 1
67 58 0.0091 1
67 59 0.0091 1
67 60 0.0091 1
67 61 0.0091 1
67 62 0.0091 1
67 63 0.0091 1
67 64 0.0091 1
67 65 0.0091 1
67 66 0.0091 1
67 68 0.0091 1
67 69 0.0091 1
67 70 0.0091 1
67 71 0.0091 1
67 72 0.0091 1
67 73 0.0091 1
67 74 0.0091 1
67 75 0.0091 1
67 76 0.0091 1
67 77 0.0091 1
67 78 0.0091 1
67 79 0.0091 1
67 80 0.0091 1
67 81 0.0091 1
67 82 0.0091 1
67 83 0.0091 1
67 84 0.0091 1
67 85 0.0091 1
67 86 0.0091 1
67 87 0.0091 1
67 88 0.0091 1
67 89 0.0091 1
67 90 0.0091 1
67 91 0.0091 1
67 92 0.0091 1
67 93 0.0091 1
67 94 0.0091 1
67 95 0.0091 1
67 96 0.0091 1
67 97 0.0091 1
67 98 0.0091 1
67 99 0.0091 1
67 100 0.0091 1
67 101 0.0091 1
67 102 0.0091 1
67 103 0.0091 1
67 104 0.0091 1
67 105 0.0091 1
67 106 0.0091 1
67 107 0.0091 1
68 36 0.0091 1
68 37 0.0091 1
68 38 0.0091 1
68 39 0.0091 1
68 40 0.0091 1
68 41 0.0091 1
68 42 0.0091 1
68 43 0.0091 1
68 44 0.0091 1
68 45 0.0091 1
68 46 0.0091 1
68 47 0.0091 1
68 48 0.0091 1
68 49 0.0091 1
68 50 0.0091 1
68 51 0.0091 1
68 52 0.0091 1
68 53 0.0091 1
68 54 0.0091 1
68 55 0.0091 1
68 56 0.0091 1
68 57 0.0091 1
68 58 0.0091 1
68 59 0.0091 1
68 60 0.0091 1
68 61 0.0091 1
68 62 0.0091 1
68 63 0.0091 1
68 64 0.0091 1
68 65 0.0091 1
68 66 0.0091 1
68 67 0.0091 1
68 69 0.0091 1
68 70 0.0091 1
68 71 0.0091 1
68 72 0.0091 1
68 73 0.0091 1
68 74 0.0091 1
68 75 0.0091 1
68 76 0.0091 1
68 77 0.0091 1
68 78 0.0091 1
68 79 0.0091 1
68 80 0.0091 1
68 81 0.0091 1
68 82 0.0091 1
68 83 0.0091 1
68 84 0.0091 1
68 85 0.0091 1
68 86 0.0091 1
68 87 0.0091 1
68 88 0.0091 1
68 89 0.0091 1
68 90 0.0091 1
68 91 0.0091 1
68 92 0.0091 1
68 93 0.0091 1
68 94 0.0091 1
68 95 0.0091 1
68 96 0.0091 1
68 97 0.0091 1
68 98 0.0091 1
68 99 0.0091 1
68 100 0.0091 1
68 101 0.0091 1
68 102 0.0091 1
68 103 0.0091 1
68 104 0.0091 1
68 105 0.0091 1
68 106 0.0091 1
68 107 0.0091 1
69 36 0.0091 1
69 37 0.0091 1
69 38 0.0091 1
69 39 0.0091 1
69 40 0.0091 1
69 41 0.0091 1
69 42 0.0091 1
69 43 0.0091 1
69 44 0.0091 1
69 45 0.0091 1
69 46 0.0091 1
69 47 0.0091 1
69 48 0.0091 1
69 49 0.0091 1
69 50 0.0091 1
69 51 0.0091 1
69 52 0.0091 1
69 53 0.0091 1
69 54 0.0091 1
69 55 0.0091 1
69 56 0.0091 1
69 57 0.0091 1
69 58 0.0091 1
69 59 0.0091 1
69 60 0.0091 1
69 61 0.0091 1
69 62 0.0091 1
69 63 0.0091 1
69 64 0.0091 1
69 65 0.0091 1
69 66 0.0091 1
69 67 0.0091 1
69 68 0.0091 1
69 70 0.0091 1
69 71 0.0091 1
69 72 0.0091 1
69 73 0.0091 1
69 74 0.0091 1
69 75 0.0091 1
69 76 0.0091 1
69 77 0.0091 1
69 78 0.0091 1
69 79 0.0091 1
69 80 0.0091 1
69 81 0.0091 1
69 82 0.0091 1
69 83 0.0091 1
69 84 0.0091 1
69 85 0.0091 1
69 86 0.0091 1
69 87 0.0091 1
69 88 0.0091 1
69 89 0.0091 1
69 90 0.0091 1
69 91 0.0091 1
69 92 0.0091 1
69 93 0.0091 1
69 94 0.0091 1
69 95 0.0091 1
69 96 0.0091 1
69 97 0.0091 1
69 98 0.0091 1
69 99 0.0091 1
69 100 0.0091 1
69 101 0.0091 1
69 102 0.0091 1
69 103 0.0091 1
69 104 0.0091 1
69 105 0.0091 1
69 106 0.0091 1
69 107 0.0091 1
70 36 0.0091 1
70 37 0.0091 1
70 38 0.0091 1
70 39 0.0091 1
70 40 0.0091 1
70 41 0.0091 1
70 42 0.0091 1
70 43 0.0091 1
70 44 0.0091 1
70 45 0.0091 1
70 46 0.0091 1
70 47 0.0091 1
70 48 0.0091 1
70 49 0.0091 1
70 50 0.0091 1
70 51 0.0091 1
70 52 0.0091 1
70 53 0.0091 1
70 54 0.0091 1
70 55 0.0091 1
70 56 0.0091 1
70 57 0.0091 1
70 58 0.0091 1
70 59 0.0091 1
70 60 0.0091 1
70 61 0.0091 1
70 62 0.0091 1
70 63 0.0091 1
70 64 0.0091 1
70 65 0.0091 1
70 66 0.0091 1
70 67 0.0091 1
70 68 0.0091 1
70 69 0.0091 1
70 71 0.0091 1
70 72 0.0091 1
70 73 0.0091 1
70 74 0.0091 1
70 75 0.0091 1
70 76 0.0091 1
70 77 0.0091 1
70 78 0.0091 1
70 79 0.0091 1
70 80 0.0091 1
70 81 0.0091 1
70 82 0.0091 1
70 83 0.0091 1
70 84 0.0091 1
70 85 0.0091 1
70 86 0.0091 1
70 87 0.0091 1
70 88 0.0091 1
70 89 0.0091 1
70 90 0.0091 1
70 91 0.0091 1
70 92 0.0091 1
70 93 0.0091 1
70 94 0.0091 1
70 95 0.0091 1
70 96 0.0091 1
70 97 0.0091 1
70 98 0.0091 1
70 99 0.0091 1
70 100 0.0091 1
70 101 0.0091 1
70 102 0.0091 1
70 103 0.0091 1
70 104 0.0091 1
70 105 0.0091 1
70 106 0.0091 1
70 107 0.0091 1
71 36 0.0091 1
71 37 0.0091 1
71 38 0.0091 1
71 39 0.0091 1
71 40 0.0091 1
71 41 0.0091 1
71 42 0.0091 1
71 43 0.0091 1
71 44 0.0091 1
71 45 0.0091 1
71 46 0.0091 1
71 47 0.0091 1
71 48 0.0091 1
71 49 0.0091 1
71 50 0.0091 1
71 51 0.0091 1
71 52 0.0091 1
71 53 0.0091 1
71 54 0.0091 1
71 55 0.0091 1
71 56 0.0091 1
71 57 0.0091 1
71 58 0.0091 1
71 59 0.0091 1
71 60 0.0091 1
71 61 0.0091 1
71 62 0.0091 1
71 63 0.0091 1
71 64 0.0091 1
71 65 0.0091 1
71 66 0.0091 1
71 67 0.0091 1
71 68 0.0091 1
71 69 0.0091 1
71 70 0.0091 1
71 72 0.0091 1
71 73 0.0091 1
71 74 0.0091 1
71 75 0.0091 1
71 76 0.0091 1
71 77 0.0091 1
71 78 0.0091 1
71 79 0.0091 1
71 80 0.0091 1
71 81 0.0091 1
71 82 0.0091 1
71 83 0.0091 1
71 84 0.0091 1
71 85 0.0091 1
71 86 0.0091 1
71 87 0.0091 1
71 88 0.0091 1
71 89 0.0091 1
71 90 0.0091 1
71 91 0.0091 1
71 92 0.0091 1
71 93 0.0091 1
71 94 0.0091 1
71 95 0.0091 1
71 96 0.0091 1
71 97 0.0091 1
71 98 0.0091 1
71 99 0.0091 1
71 100 0.0091 1
71 101 0.0091 1
71 102 0.0091 1
71 103 0.0091 1
71 104 0.0091 1
71 105 0.0091 1
71 106 0.0091 1
71 107 0.0091 1
72 36 0.0091 1
72 37 0.0091 1
72 38 0.0091 1
72 39 0.0091 1
72 40 0.0091 1
72 41 0.0091 1
72 42 0.0091 1
72 43 0.0091 1
72 44 0.0091 1
72 45 0.0091 1
72 46 0.0091 1
72 47 0.0091 1
72 48 0.0091 1
72 49 0.0091 1
72 50 0.0091 1
72 51 0.0091 1
72 52 0.0091 1
72 53 0.0091 1
72 54 0.0091 1
72 55 0.0091 1
72 56 0.0091 1
72 57 0.0091 1
72 58 0.0091 1
72 59 0.0091 1
72 60 0.0091 1
72 61 0.0091 1
72 62 0.0091 1
72 63 0.0091 1
72 64 0.0091 1
72 65 0.0091 1
72 66 0.0091 1
72 67 0.0091 1
72 68 0.0091 1
72 69 0.0091 1
72 70 0.0091 1
72 71 0.0091 1
72 73 0.0091 1
72 74 0.0091 1
72 75 0.0091 1
72 76 0.0091 1
72 77 0.0091 1
72 78 0.0091 1
72 79 0.0091 1
72 80 0.0091 1
72 81 0.0091 1
72 82 0.0091 1
72 83 0.0091 1
72 84 0.0091 1
72 85 0.0091 1
72 86 0.0091 1
72 87 0.0091 1
72 88 0.0091 1
72 89 0.0091 1
72 90 0.0091 1
72 91 0.0091 1
72 92 0.0091 1
72 93 0.0091 1
72 94 0.0091 1
72 95 0.0091 1
72 96 0.0091 1
72 97 0.0091 1
72 98 0.0091 1
72 99 0.0091 1
72 100 0.0091 1
72 101 0.0091 1
72 102 0.0091 1
72 103 0.0091 1
72 104 0.0091 1
72 105 0.0091 1
72 106 0.0091 1
72 107 0.0091 1
73 36 0.0091 1
73 37 0.0091 1
73 38 0.0091 1
73 39 0.0091 1
73 40 0.0091 1
73 41 0.0091 1
73 42 0.0091 1
73 43 0.0091 1
73 44 0.0091 1
73 45 0.0091 1
73 46 0.0091 1
73 47 0.0091 1
73 48 0.0091 1
73 49 0.0091 1
73 50 0.0091 1
73 51 0.0091 1
73 52 0.0091 1
73 53 0.0091 1
73 54 0.0091 1
73 55 0.0091 1
73 56 0.0091 1
73 57 0.0091 1
73 58 0.0091 1
73 59 0.0091 1
73 60 0.0091 1
73 61 0.0091 1
73 62 0.0091 1
73 63 0.0091 1
73 64 0.0091 1
73 65 0.0091 1
73 66 0.0091 1
73 67 0.0091 1
73 68 0.0091 1
73 69 0.0091 1
73 70 0.0091 1
73 71 0.0091 1
73 72 0.0091 1
73 74 0.0091 1
73 75 0.0091 1
73 76 0.0091 1
73 77 0.0091 1
73 78 0.0091 1
73 79 0.0091 1
73 80 0.0091 1
73 81 0.0091 1
73 82 0.0091 1
73 83 0.0091 1
73 84 0.0091 1
73 85 0.0091 1
73 86 0.0091 1
73 87 0.0091 1
73 88 0.0091 1
73 89 0.0091 1
73 90 0.0091 1
73 91 0.0091 1
73 92 0.0091 1
73 93 0.0091 1
73 94 0.0091 1
73 95 0.0091 1
73 96 0.0091 1
73 97 0.0091 1
73 98 0.0091 1
73 99 0.0091 1
73 100 0.0091 1
73 101 0.0091 1
73 102 0.0091 1
73 103 0.0091 1
73 104 0.0091 1
73 105 0.0091 1
73 106 0.0091 1
73 107 0.0091 1
74 36 0.0091 1
74 37 0.0091 1
74 38 0.0091 1
74 39 0.0091 1
74 40 0.0091 1
74 41 0.0091 1
74 42 0.0091 1
74 43 0.0091 1
74 44 0.0091 1
74 45 0.0091 1
74 46 0.0091 1
74 47 0.0091 1
74 48 0.0091 1
74 49 0.0091 1
74 50 0.0091 1
74 51 0.0091 1
74 52 0.0091 1
74 53 0.0091 1
74 54 0.0091 1
74 55 0.0091 1
74 56 0.0091 1
74 57 0.0091 1
74 58 0.0091 1
74 59 0.0091 1
74 60 0.0091 1
74 61 0.0091 1
74 62 0.0091 1
74 63 0.0091 1
74 64 0.0091 1
74 65 0.0091 1
74 66 0.0091 1
74 67 0.0091 1
74 68 0.0091 1
74 69 0.0091 1
74 70 0.0091 1
74 71 0.0091 1
74 72 0.0091 1
74 73 0.0091 1
74 75 0.0091 1
74 76 0.0091 1
74 77 0.0091 1
74 78 0.0091 1
74 79 0.0091 1
74 80 0.0091 1
74 81 0.0091 1
74 82 0.0091 1
74 83 0.0091 1
74 84 0.0091 1
74 85 0.0091 1
74 86 0.0091 1
74 87 0.0091 1
74 88 0.0091 1
74 89 0.0091 1
74 90 0.0091 1
74 91 0.0091 1
74 92 0.0091 1
74 93 0.0091 1
74 94 0.0091 1
74 95 0.0091 1
74 96 0.0091 1
74 97 0.0091 1
74 98 0.0091 1
74 99 0.0091 1
74 100 0.0091 1
74 101 0.0091 1
74 102 0.0091 1
74 103 0.0091 1
74 104 0.0091 1
74 105 0.0091 1
74 106 0.0091 1
74 107 0.0091 1
75 36 0.0091 1
75 37 0.0091 1
75 38 0.0091 1
75 39 0.0091 1
75 40 0.0091 1
75 41 0.0091 1
75 42 0.0091 1
75 43 0.0091 1
75 44 0.0091 1
75 45 0.0091 1
75 46 0.0091 1
75 47 0.0091 1
75 48 0.0091 1
75 49 0.0091 1
75 50 0.0091 1
75 51 0.0091 1
75 52 0.0091 1
75 53 0.0091 1
75 54 0.0091 1
75 55 0.0091 1
75 56 0.0091 1
75 57 0.0091 1
75 58 0.0091 1
75 59 0.0091 1
75 60 0.0091 1
75 61 0.0091 1
75 62 0.0091 1
75 63 0.0091 1
75 64 0.0091 1
75 65 0.0091 1
75 66 0.0091 1
75 67 0.0091 1
75 68 0.0091 1
75 69 0.0091 1
75 70 0.0091 1
75 71 0.0091 1
75 72 0.0091 1
75 73 0.0091 1
75 74 0.0091 1
75 76 0.0091 1
75 77 0.0091 1
75 78 0.0091 1
75 79 0.0091 1
75 80 0.0091 1
75 81 0.0091 1
75 82 0.0091 1
75 83 0.0091 1
75 84 0.0091 1
75 85 0.0091 1
75 86 0.0091 1
75 87 0.0091 1
75 88 0.0091 1
75 89 0.0091 1
75 90 0.0091 1
75 91 0.0091 1
75 92 0.0091 1
75 93 0.0091 1
75 94 0.0091 1
75 95 0.0091 1
75 96 0.0091 1
75 97 0.0091 1
75 98 0.0091 1
75 99 0.0091 1
75 100 0.0091 1
75 101 0.0091 1
75 102 0.0091 1
75 103 0.0091 1
75 104 0.0091 1
75 105 0.0091 1
75 106 0.0091 1
75 107 0.0091 1
76 36 0.0091 1
76 37 0.0091 1
76 38 0.0091 1
76 39 0.0091 1
76 40 0.0091 1
76 41 0.0091 1
76 42 0.0091 1
76 43 0.0091 1
76 44 0.0091 1
76 45 0.0091 1
76 46 0.0091 1
76 47 0.0091 1
76 48 0.0091 1
76 49 0.0091 1
76 50 0.0091 1
76 51 0.0091 1
76 52 0.0091 1
76 53 0.0091 1
76 54 0.0091 1
76 55 0.0091 1
76 56 0.0091 1
76 57 0.0091 1
76 58 0.0091 1
76 59 0.0091 1
76 60 0.0091 1
76 61 0.0091 1
76 62 0.0091 1
76 63 0.0091 1
76 64 0.0091 1
76 65 0.0091 1
76 66 0.0091 1
76 67 0.0091 1
76 68 0.0091 1
76 69 0.0091 1
76 70 0.0091 1
76 71 0.0091 1
76 72 0.0091 1
76 73 0.0091 1
76 74 0.0091 1
76 75 0.0091 1
76 77 0.0091 1
76 78 0.0091 1
76 79 0.0091 1
76 80 0.0091 1
76 81 0.0091 1
76 82 0.0091 1
76 83 0.0091 1
76 84 0.0091 1
76 85 0.0091 1
76 86 0.0091 1
76 87 0.0091 1
76 88 0.0091 1
76 89 0.0091 1
76 90 0.0091 1
76 91 0.0091 1
76 92 0.0091 1
76 93 0.0091 1
76 94 0.0091 1
76 95 0.0091 1
76 96 0.0091 1
76 97 0.0091 1
76 98 0.0091 1
76 99 0.0091 1
76 100 0.0091 1
76 101 0.0091 1
76 102 0.0091 1
76 103 0.0091 1
76 104 0.0091 1
76 105 0.0091 1
76 106 0.0091 1
76 107 0.0091 1
77 36 0.0091 1
77 37 0.0091 1
77 38 0.0091 1
77 39 0.0091 1
77 40 0.0091 1
77 41 0.0091 1
77 42 0.0091 1
77 43 0.0091 1
77 44 0.0091 1
77 45 0.0091 1
77 46 0.0091 1
77 47 0.0091 1
77 48 0.0091 1
77 49 0.0091 1
77 50 0.0091 1
77 51 0.0091 1
77 52 0.0091 1
77 53 0.0091 1
77 54 0.0091 1
77 55 0.0091 1
77 56 0.0091 1
77 57 0.0091 1
77 58 0.0091 1
77 59 0.0091 1
77 60 0.0091 1
77 61 0.0091 1
77 62 0.0091 1
77 63 0.0091 1
77 64 0.0091 1
77 65 0.0091 1
77 66 0.0091 1
77 67 0.0091 1
77 68 0.0091 1
77 69 0.0091 1
77 70 0.0091 1
77 71 0.0091 1
77 72 0.0091 1
77 73 0.0091 1
77 74 0.0091 1
77 75 0.0091 1
77 76 0.0091 1
77 78 0.0091 1
77 79 0.0091 1
77 80 0.0091 1
77 81 0.0091 1
77 82 0.0091 1
77 83 0.0091 1
77 84 0.0091 1
77 85 0.0091 1
77 86 0.0091 1
77 87 0.0091 1
77 88 0.0091 1
77 89 0.0091 1
77 90 0.0091 1
77 91 0.0091 1
77 92 0.0091 1
77 93 0.0091 1
77 94 0.0091 1
77 95 0.0091 1
77 96 0.0091 1
77 97 0.0091 1
77 98 0.0091 1
77 99 0.0091 1
77 100 0.0091 1
77 101 0.0091 1
77 102 0.0091 1
77 103 0.0091 1
77 104 0.0091 1
77 105 0.0091 1
77 106 0.0091 1
77 107 0.0091 1
78 36 0.0091 1
78 37 0.0091 1
78 38 0.0091 1
78 39 0.0091 1
78 40 0.0091 1
78 41 0.0091 1
78 42 0.0091 1
78 43 0.0091 1
78 44 0.0091 1
78 45 0.0091 1
78 46 0.0091 1
78 47 0.0091 1
78 48 0.0091 1
78 49 0.0091 1
78 50 0.0091 1
78 51 0.0091 1
78 52 0.0091 1
78 53 0.0091 1
78 54 0.0091 1
78 55 0.0091 1
78 56 0.0091 1
78 57 0.0091 1
78 58 0.0091 1
78 59 0.0091 1
78 60 0.0091 1
78 61 0.0091 1
78 62 0.0091 1
78 63 0.0091 1
78 64 0.0091 1
78 65 0.0091 1
78 66 0.0091 1
78 67 0.0091 1
78 68 0.0091 1
78 69 0.0091 1
78 70 0.0091 1
78 71 0.0091 1
78 72 0.0091 1
78 73 0.0091 1
78 74 0.0091 1
78 75 0.0091 1
78 76 0.0091 1
78 77 0.0091 1
78 79 0.0091 1
78 80 0.0091 1
78 81 0.0091 1
78 82 0.0091 1
78 83 0.0091 1
78 84 0.0091 1
78 85 0.0091 1
78 86 0.0091 1
78 87 0.0091 1
78 88 0.0091 1
78 89 0.0091 1
78 90 0.0091 1
78 91 0.0091 1
78 92 0.0091 1
78 93 0.0091 1
78 94 0.0091 1
78 95 0.0091 1
78 96 0.0091 1
78 97 0.0091 1
78 98 0.0091 1
78 99 0.0091 1
78 100 0.0091 1
78 101 0.0091 1
78 102 0.0091 1
78 103 0.0091 1
78 104 0.0091 1
78 105 0.0091 1
78 106 0.0091 1
78 107 0.0091 1
79 36 0.0091 1
79 37 0.0091 1
79 38 0.0091 1
79 39 0.0091 1
79 40 0.0091 1
79 41 0.0091 1
79 42 0.0091 1
79 43 0.0091 1
79 44 0.0091 1
79 45 0.0091 1
79 46 0.0091 1
79 47 0.0091 1
79 48 0.0091 1
79 49 0.0091 1
79 50 0.0091 1
79 51 0.0091 1
79 52 0.0091 1
79 53 0.0091 1
79 54 0.0091 1
79 55 0.0091 1
79 56 0.0091 1
79 57 0.0091 1
79 58 0.0091 1
79 59 0.0091 1
79 60 0.0091 1
79 61 0.0091 1
79 62 0.0091 1
79 63 0.0091 1
79 64 0.0091 1
79 65 0.0091 1
79 66 0.0091 1
79 67 0.0091 1
79 68 0.0091 1
79 69 0.0091 1
79 70 0.0091 1
79 71 0.0091 1
79 72 0.0091 1
79 73 0.0091 1
79 74 0.0091 1
79 75 0.0091 1
79 76 0.0091 1
79 77 0.0091 1
79 78 0.0091 1
79 80 0.0091 1
79 81 0.0091 1
79 82 0.0091 1
79 83 0.0091 1
79 84 0.0091 1
79 85 0.0091 1
79 86 0.0091 1
79 87 0.0091 1
79 88 0.0091 1
79 89 0.0091 1
79 90 0.0091 1
79 91 0.0091 1
79 92 0.0091 1
79 93 0.0091 1
79 94 0.0091 1
79 95 0.0091 1
79 96 0.0091 1
79 97 0.0091 1
79 98 0.0091 1
79 99 0.0091 1
79 100 0.0091 1
79 101 0.0091 1
79 102 0.0091 1
79 103 0.0091 1
79 104 0.0091 1
79 105 0.0091 1
79 106 0.0091 1
79 107 0.0091 1
80 36 0.0091 1
80 37 0.0091 1
80 38 0.0091 1
80 39 0.0091 1
80 40 0.0091 1
80 41 0.0091 1
80 42 0.0091 1
80 43 0.0091 1
80 44 0.0091 1
80 45 0.0091 1
80 46 0.0091 1
80 47 0.0091 1
80 48 0.0091 1
80 49 0.0091 1
80 50 0.0091 1
80 51 0.0091 1
80 52 0.0091 1
80 53 0.0091 1
80 54 0.0091 1
80 55 0.0091 1
80 56 0.0091 1
80 57 0.0091 1
80 58 0.0091 1
80 59 0.0091 1
80 60 0.0091 1
80 61 0.0091 1
80 62 0.0091 1
80 63 0.0091 1
80 64 0.0091 1
80 65 0.0091 1
80 66 0.0091 1
80 67 0.0091 1
80 68 0.0091 1
80 69 0.0091 1
80 70 0.0091 1
80 71 0.0091 1
80 72 0.0091 1
80 73 0.0091 1
80 74 0.0091 1
80 75 0.0091 1
80 76 0.0091 1
80 77 0.0091 1
80 78 0.0091 1
80 79 0.0091 1
80 81 0.0091 1
80 82 0.0091 1
80 83 0.0091 1
80 84 0.0091 1
80 85 0.0091 1
80 86 0.0091 1
80 87 0.0091 1
80 88 0.0091 1
80 89 0.0091 1
80 90 0.0091 1
80 91 0.0091 1
80 92 0.0091 1
80 93 0.0091 1
80 94 0.0091 1
80 95 0.0091 1
80 96 0.0091 1
80 97 0.0091 1
80 98 0.0091 1
80 99 0.0091 1
80 100 0.0091 1
80 101 0.0091 1
80 102 0.0091 1
80 103 0.0091 1
80 104 0.0091 1
80 105 0.0091 1
80 106 0.0091 1
80 107 0.0091 1
81 36 0.0091 1
81 37 0.0091 1
81 38 0.0091 1
81 39 0.0091 1
81 40 0.0091 1
81 41 0.0091 1
81 42 0.0091 1
81 43 0.0091 1
81 44 0.0091 1
81 45 0.0091 1
81 46 0.0091 1
81 47 0.0091 1
81 48 0.0091 1
81 49 0.0091 1
81 50 0.0091 1
81 51 0.0091 1
81 52 0.0091 1
81 53 0.0091 1
81 54 0.0091 1
81 55 0.0091 1
81 56 0.0091 1
81 57 0.0091 1
81 58 0.0091 1
81 59 0.0091 1
81 60 0.0091 1
81 61 0.0091 1
81 62 0.0091 1
81 63 0.0091 1
81 64 0.0091 1
81 65 0.0091 1
81 66 0.0091 1
81 67 0.0091 1
81 68 0.0091 1
81 69 0.0091 1
81 70 0.0091 1
81 71 0.0091 1
81 72 0.0091 1
81 73 0.0091 1
81 74 0.0091 1
81 75 0.0091 1
81 76 0.0091 1
81 77 0.0091 1
81 78 0.0091 1
81 79 0.0091 1
81 80 0.0091 1
81 82 0.0091 1
81 83 0.0091 1
81 84 0.0091 1
81 85 0.0091 1
81 86 0.0091 1
81 87 0.0091 1
81 88 0.0091 1
81 89 0.0091 1
81 90 0.0091 1
81 91 0.0091 1
81 92 0.0091 1
81 93 0.0091 1
81 94 0.0091 1
81 95 0.0091 1
81 96 0.0091 1
81 97 0.0091 1
81 98 0.0091 1
81 99 0.0091 1
81 100 0.0091 1
81 101 0.0091 1
81 102 0.0091 1
81 103 0.0091 1
81 104 0.0091 1
81 105 0.0091 1
81 106 0.0091 1
81 107 0.0091 1
82 36 0.0091 1
82 37 0.0091 1
82 38 0.0091 1
82 39 0.0091 1
82 40 0.0091 1
82 41 0.0091 1
82 42 0.0091 1
82 43 0.0091 1
82 44 0.0091 1
82 45 0.0091 1
82 46 0.0091 1
82 47 0.0091 1
82 48 0.0091 1
82 49 0.0091 1
82 50 0.0091 1
82 51 0.0091 1
82 52 0.0091 1
82 53 0.0091 1
82 54 0.0091 1
82 55 0.0091 1
82 56 0.0091 1
82 57 0.0091 1
82 58 0.0091 1
82 59 0.0091 1
82 60 0.0091 1
82 61 0.0091 1
82 62 0.0091 1
82 63 0.0091 1
82 64 0.0091 1
82 65 0.0091 1
82 66 0.0091 1
82 67 0.0091 1
82 68 0.0091 1
82 69 0.0091 1
82 70 0.0091 1
82 71 0.0091 1
82 72 0.0091 1
82 73 0.0091 1
82 74 0.0091 1
82 75 0.0091 1
82 76 0.0091 1
82 77 0.0091 1
82 78 0.0091 1
82 79 0.0091 1
82 80 0.0091 1
82 81 0.0091 1
82 83 0.0091 1
82 84 0.0091 1
82 85 0.0091 1
82 86 0.0091 1
82 87 0.0091 1
82 88 0.0091 1
82 89 0.0091 1
82 90 0.0091 1
82 91 0.0091 1
82 92 0.0091 1
82 93 0.0091 1
82 94 0.0091 1
82 95 0.0091 1
82 96 0.0091 1
82 97 0.0091 1
82 98 0.0091 1
82 99 0.0091 1
82 100 0.0091 1
82 101 0.0091 1
82 102 0.0091 1
82 103 0.0091 1
82 104 0.0091 1
82 105 0.0091 1
82 106 0.0091 1
82 107 0.0091 1
83 36 0.0091 1
83 37 0.0091 1
83 38 0.0091 1
83 39 0.0091 1
83 40 0.0091 1
83 41 0.0091 1
83 42 0.0091 1
83 43 0.0091 1
83 44 0.0091 1
83 45 0.0091 1
83 46 0.0091 1
83 47 0.0091 1
83 48 0.0091 1
83 49 0.0091 1
83 50 0.0091 1
83 51 0.0091 1
83 52 0.0091 1
83 53 0.0091 1
83 54 0.0091 1
83 55 0.0091 1
83 56 0.0091 1
83 57 0.0091 1
83 58 0.0091 1
83 59 0.0091 1
83 60 0.0091 1
83 61 0.0091 1
83 62 0.0091 1
83 63 0.0091 1
83 64 0.0091 1
83 65 0.0091 1
83 66 0.0091 1
83 67 0.0091 1
83 68 0.0091 1
83 69 0.0091 1
83 70 0.0091 1
83 71 0.0091 1
83 72 0.0091 1
83 73 0.0091 1
83 74 0.0091 1
83 75 0.0091 1
83 76 0.0091 1
83 77 0.0091 1
83 78 0.0091 1
83 79 0.0091 1
83 80 0.0091 1
83 81 0.0091 1
83 82 0.0091 1
83 84 0.0091 1
83 85 0.0091 1
83 86 0.0091 1
83 87 0.0091 1
83 88 0.0091 1
83 89 0.0091 1
83 90 0.0091 1
83 91 0.0091 1
83 92 0.0091 1
83 93 0.0091 1
83 94 0.0091 1
83 95 0.0091 1
83 96 0.0091 1
83 97 0.0091 1
83 98 0.0091 1
83 99 0.0091 1
83 100 0.0091 1
83 101 0.0091 1
83 102 0.0091 1
83 103 0.0091 1
83 104 0.0091 1
83 105 0.0091 1
83 106 0.0091 1
83 107 0.0091 1
84 36 0.0091 1
84 37 0.0091 1
84 38 0.0091 1
84 39 0.0091 1
84 40 0.0091 1
84 41 0.0091 1
84 42 0.0091 1
84 43 0.0091 1
84 44 0.0091 1
84 45 0.0091 1
84 46 0.0091 1
84 47 0.0091 1
84 48 0.0091 1
84 49 0.0091 1
84 50 0.0091 1
84 51 0.0091 1
84 52 0.0091 1
84 53 0.0091 1
84 54 0.0091 1
84 55 0.0091 1
84 56 0.0091 1
84 57 0.0091 1
84 58 0.0091 1
84 59 0.0091 1
84 60 0.0091 1
84 61 0.0091 1
84 62 0.0091 1
84 63 0.0091 1
84 64 0.0091 1
84 65 0.0091 1
84 66 0.0091 1
84 67 0.0091 1
84 68 0.0091 1
84 69 0.0091 1
84 70 0.0091 1
84 71 0.0091 1
84 72 0.0091 1
84 73 0.0091 1
84 74 0.0091 1
84 75 0.0091 1
84 76 0.0091 1
84 77 0.0091 1
84 78 0.0091 1
84 79 0.0091 1
84 80 0.0091 1
84 81 0.0091 1
84 82 0.0091 1
84 83 0.0091 1
84 85 0.0091 1
84 86 0.0091 1
84 87 0.0091 1
84 88 0.0091 1
84 89 0.0091 1
84 90 0.0091 1
84 91 0.0091 1
84 92 0.0091 1
84 93 0.0091 1
84 94 0.0091 1
84 95 0.0091 1
84 96 0.0091 1
84 97 0.0091 1
84 98 0.0091 1
84 99 0.0091 1
84 100 0.0091 1
84 101 0.0091 1
84 102 0.0091 1
84 103 0.0091 1
84 104 0.0091 1
84 105 0.0091 1
84 106 0.0091 1
84 107 0.0091 1
85 36 0.0091 1
85 37 0.0091 1
85 38 0.0091 1
85 39 0.0091 1
85 40 0.0091 1
85 41 0.0091 1
85 42 0.0091 1
85 43 0.0091 1
85 44 0.0091 1
85 45 0.0091 1
85 46 0.0091 1
85 47 0.0091 1
85 48 0.0091 1
85 49 0.0091 1
85 50 0.0091 1
85 51 0.0091 1
85 52 0.0091 1
85 53 0.0091 1
85 54 0.0091 1
85 55 0.0091 1
85 56 0.0091 1
85 57 0.0091 1
85 58 0.0091 1
85 59 0.0091 1
85 60 0.0091 1
85 61 0.0091 1
85 62 0.0091 1
85 63 0.0091 1
85 64 0.0091 1
85 65 0.0091 1
85 66 0.0091 1
85 67 0.0091 1
85 68 0.0091 1
85 69 0.0091 1
85 70 0.0091 1
85 71 0.0091 1
85 72 0.0091 1
85 73 0.0091 1
85 74 0.0091 1
85 75 0.0091 1
85 76 0.0091 1
85 77 0.0091 1
85 78 0.0091 1
85 79 0.0091 1
85 80 0.0091 1
85 81 0.0091 1
85 82 0.0091 1
85 83 0.0091 1
85 84 0.0091 1
85 86 0.0091 1
85 87 0.0091 1
85 88 0.0091 1
85 89 0.0091 1
85 90 0.0091 1
85 91 0.0091 1
85 92 0.0091 1
85 93 0.0091 1
85 94 0.0091 1
85 95 0.0091 1
85 96 0.0091 1
85 97 0.0091 1
85 98 0.0091 1
85 99 0.0091 1
85 100 0.0091 1
85 101 0.0091 1
85 102 0.0091 1
85 103 0.0091 1
85 104 0.0091 1
85 105 0.0091 1
85 106 0.0091 1
85 107 0.0091 1
86 36 0.0091 1
86 37 0.0091 1
86 38 0.0091 1
86 39 0.0091 1
86 40 0.0091 1
86 41 0.0091 1
86 42 0.0091 1
86 43 0.0091 1
86 44 0.0091 1
86 45 0.0091 1
86 46 0.0091 1
86 47 0.0091 1
86 48 0.0091 1
86 49 0.0091 1
86 50 0.0091 1
86 51 0.0091 1
86 52 0.0091 1
86 53 0.0091 1
86 54 0.0091 1
86 55 0.0091 1
86 56 0.0091 1
86 57 0.0091 1
86 58 0.0091 1
86 59 0.0091 1
86 60 0.0091 1
86 61 0.0091 1
86 62 0.0091 1
86 63 0.0091 1
86 64 0.0091 1
86 65 0.0091 1
86 66 0.0091 1
86 67 0.0091 1
86 68 0.0091 1
86 69 0.0091 1
86 70 0.0091 1
86 71 0.0091 1
86 72 0.0091 1
86 73 0.0091 1
86 74 0.0091 1
86 75 0.0091 1
86 76 0.0091 1
86 77 0.0091 1
86 78 0.0091 1
86 79 0.0091 1
86 80 0.0091 1
86 81 0.0091 1
86 82 0.0091 1
86 83 0.0091 1
86 84 0.0091 1
86 85 0.0091 1
86 87 0.0091 1
86 88 0.0091 1
86 89 0.0091 1
86 90 0.0091 1
86 91 0.0091 1
86 92 0.0091 1
86 93 0.0091 1
86 94 0.0091 1
86 95 0.0091 1
86 96 0.0091 1
86 97 0.0091 1
86 98 0.0091 1
86 99 0.0091 1
86 100 0.0091 1
86 101 0.0091 1
86 102 0.0091 1
86 103 0.0091 1
86 104 0.0091 1
86 105 0.0091 1
86 106 0.0091 1
86 107 0.0091 1
87 36 0.0091 1
87 37 0.0091 1
87 38 0.0091 1
87 39 0.0091 1
87 40 0.0091 1
87 41 0.0091 1
87 42 0.0091 1
87 43 0.0091 1
87 44 0.0091 1
87 45 0.0091 1
87 46 0.0091 1
87 47 0.0091 1
87 48 0.0091 1
87 49 0.0091 1
87 50 0.0091 1
87 51 0.0091 1
87 52 0.0091 1
87 53 0.0091 1
87 54 0.0091 1
87 55 0.0091 1
87 56 0.0091 1
87 57 0.0091 1
87 58 0.0091 1
87 59 0.0091 1
87 60 0.0091 1
87 61 0.0091 1
87 62 0.0091 1
87 63 0.0091 1
87 64 0.0091 1
87 65 0.0091 1
87 66 0.0091 1
87 67 0.0091 1
87 68 0.0091 1
87 69 0.0091 1
87 70 0.0091 1
87 71 0.0091 1
87 72 0.0091 1
87 73 0.0091 1
87 74 0.0091 1
87 75 0.0091 1
87 76 0.0091 1
87 77 0.0091 1
87 78 0.0091 1
87 79 0.0091 1
87 80 0.0091 1
87 81 0.0091 1
87 82 0.0091 1
87 83 0.0091 1
87 84 0.0091 1
87 85 0.0091 1
87 86 0.0091 1
87 88 0.0091 1
87 89 0.0091 1
87 90 0.0091 1
87 91 0.0091 1
87 92 0.0091 1
87 93 0.0091 1
87 94 0.0091 1
87 95 0.0091 1
87 96 0.0091 1
87 97 0.0091 1
87 98 0.0091 1
87 99 0.0091 1
87 100 0.0091 1
87 101 0.0091 1
87 102 0.0091 1
87 103 0.0091 1
87 104 0.0091 1
87 105 0.0091 1
87 106 0.0091 1
87 107 0.0091 1
88 36 0.0091 1
88 37 0.0091 1
88 38 0.0091 1
88 39 0.0091 1
88 40 0.0091 1
88 41 0.0091 1
88 42 0.0091 1
88 43 0.0091 1
88 44 0.0091 1
88 45 0.0091 1
88 46 0.0091 1
88 47 0.0091 1
88 48 0.0091 1
88 49 0.0091 1
88 50 0.0091 1
88 51 0.0091 1
88 52 0.0091 1
88 53 0.0091 1
88 54 0.0091 1
88 55 0.0091 1
88 56 0.0091 1
88 57 0.0091 1
88 58 0.0091 1
88 59 0.0091 1
88 60 0.0091 1
88 61 0.0091 1
88 62 0.0091 1
88 63 0.0091 1
88 64 0.0091 1
88 65 0.0091 1
88 66 0.0091 1
88 67 0.0091 1
88 68 0.0091 1
88 69 0.0091 1
88 70 0.0091 1
88 71 0.0091 1
88 72 0.0091 1
88 73 0.0091 1
88 74 0.0091 1
88 75 0.0091 1
88 76 0.0091 1
88 77 0.0091 1
88 78 0.0091 1
88 79 0.0091 1
88 80 0.0091 1
88 81 0.0091 1
88 82 0.0091 1
88 83 0.0091 1
88 84 0.0091 1
88 85 0.0091 1
88 86 0.0091 1
88 87 0.0091 1
88 89 0.0091 1
88 90 0.0091 1
88 91 0.0091 1
88 92 0.0091 1
88 93 0.0091 1
88 94 0.0091 1
88 95 0.0091 1
88 96 0.0091 1
88 97 0.0091 1
88 98 0.0091 1
88 99 0.0091 1
88 100 0.0091 1
88 101 0.0091 1
88 102 0.0091 1
88 103 0.0091 1
88 104 0.0091 1
88 105 0.0091 1
88 106 0.0091 1
88 107 0.0091 1
89 36 0.0091 1
89 37 0.0091 1
89 38 0.0091 1
89 39 0.0091 1
89 40 0.0091 1
89 41 0.0091 1
89 42 0.0091 1
89 43 0.0091 1
89 44 0.0091 1
89 45 0.0091 1
89 46 0.0091 1
89 47 0.0091 1
89 48 0.0091 1
89 49 0.0091 1
89 50 0.0091 1
89 51 0.0091 1
89 52 0.0091 1
89 53 0.0091 1
89 54 0.0091 1
89 55 0.0091 1
89 56 0.0091 1
89 57 0.0091 1
89 58 0.0091 1
89 59 0.0091 1
89 60 0.0091 1
89 61 0.0091 1
89 62 0.0091 1
89 63 0.0091 1
89 64 0.0091 1
89 65 0.0091 1
89 66 0.0091 1
89 67 0.0091 1
89 68 0.0091 1
89 69 0.0091 1
89 70 0.0091 1
89 71 0.0091 1
89 72 0.0091 1
89 73 0.0091 1
89 74 0.0091 1
89 75 0.0091 1
89 76 0.0091 1
89 77 0.0091 1
89 78 0.0091 1
89 79 0.0091 1
89 80 0.0091 1
89 81 0.0091 1
89 82 0.0091 1
89 83 0.0091 1
89 84 0.0091 1
89 85 0.0091 1
89 86 0.0091 1
89 87 0.0091 1
89 88 0.0091 1
89 90 0.0091 1
89 91 0.0091 1
89 92 0.0091 1
89 93 0.0091 1
89 94 0.0091 1
89 95 0.0091 1
89 96 0.0091 1
89 97 0.0091 1
89 98 0.0091 1
89 99 0.0091 1
89 100 0.0091 1
89 101 0.0091 1
89 102 0.0091 1
89 103 0.0091 1
89 104 0.0091 1
89 105 0.0091 1
89 106 0.0091 1
89 107 0.0091 1
90 36 0.0091 1
90 37 0.0091 1
90 38 0.0091 1
90 39 0.0091 1
90 40 0.0091 1
90 41 0.0091 1
90 42 0.0091 1
90 43 0.0091 1
90 44 0.0091 1
90 45 0.0091 1
90 46 0.0091 1
90 47 0.0091 1
90 48 0.0091 1
90 49 0.0091 1
90 50 0.0091 1
90 51 0.0091 1
90 52 0.0091 1
90 53 0.0091 1
90 54 0.0091 1
90 55 0.0091 1
90 56 0.0091 1
90 57 0.0091 1
90 58 0.0091 1
90 59 0.0091 1
90 60 0.0091 1
90 61 0.0091 1
90 62 0.0091 1
90 63 0.0091 1
90 64 0.0091 1
90 65 0.0091 1
90 66 0.0091 1
90 67 0.0091 1
90 68 0.0091 1
90 69 0.0091 1
90 70 0.0091 1
90 71 0.0091 1
90 72 0.0091 1
90 73 0.0091 1
90 74 0.0091 1
90 75 0.0091 1
90 76 0.0091 1
90 77 0.0091 1
90 78 0.0091 1
90 79 0.0091 1
90 80 0.0091 1
90 81 0.0091 1
90 82 0.0091 1
90 83 0.0091 1
90 84 0.0091 1
90 85 0.0091 1
90 86 0.0091 1
90 87 0.0091 1
90 88 0.0091 1
90 89 0.0091 1
90 91 0.0091 1
90 92 0.0091 1
90 93 0.0091 1
90 94 0.0091 1
90 95 0.0091 1
90 96 0.0091 1
90 97 0.0091 1
90 98 0.0091 1
90 99 0.0091 1
90 100 0.0091 1
90 101 0.0091 1
90 102 0.0091 1
90 103 0.0091 1
90 104 0.0091 1
90 105 0.0091 1
90 106 0.0091 1
90 107 0.0091 1
91 36 0.0091 1
91 37 0.0091 1
91 38 0.0091 1
91 39 0.0091 1
91 40 0.0091 1
91 41 0.0091 1
91 42 0.0091 1
91 43 0.0091 1
91 44 0.0091 1
91 45 0.0091 1
91 46 0.0091 1
91 47 0.0091 1
91 48 0.0091 1
91 49 0.0091 1
91 50 0.0091 1
91 51 0.0091 1
91 52 0.0091 1
91 53 0.0091 1
91 54 0.0091 1
91 55 0.0091 1
91 56 0.0091 1
91 57 0.0091 1
91 58 0.0091 1
91 59 0.0091 1
91 60 0.0091 1
91 61 0.0091 1
91 62 0.0091 1
91 63 0.0091 1
91 64 0.0091 1
91 65 0.0091 1
91 66 0.0091 1
91 67 0.0091 1
91 68 0.0091 1
91 69 0.0091 1
91 70 0.0091 1
91 71 0.0091 1
91 72 0.0091 1
91 73 0.0091 1
91 74 0.0091 1
91 75 0.0091 1
91 76 0.0091 1
91 77 0.0091 1
91 78 0.0091 1
91 79 0.0091 1
91 80 0.0091 1
91 81 0.0091 1
91 82 0.0091 1
91 83 0.0091 1
91 84 0.0091 1
91 85 0.0091 1
91 86 0.0091 1
91 87 0.0091 1
91 88 0.0091 1
91 89 0.0091 1
91 90 0.0091 1
91 92 0.0091 1
91 93 0.0091 1
91 94 0.0091 1
91 95 0.0091 1
91 96 0.0091 1
91 97 0.0091 1
91 98 0.0091 1
91 99 0.0091 1
91 100 0.0091 1
91 101 0.0091 1
91 102 0.0091 1
91 103 0.0091 1
91 104 0.0091 1
91 105 0.0091 1
91 106 0.0091 1
91 107 0.0091 1
92 36 0.0091 1
92 37 0.0091 1
92 38 0.0091 1
92 39 0.0091 1
92 40 0.0091 1
92 41 0.0091 1
92 42 0.0091 1
92 43 0.0091 1
92 44 0.0091 1
92 45 0.0091 1
92 46 0.0091 1
92 47 0.0091 1
92 48 0.0091 1
92 49 0.0091 1
92 50 0.0091 1
92 51 0.0091 1
92 52 0.0091 1
92 53 0.0091 1
92 54 0.0091 1
92 55 0.0091 1
92 56 0.0091 1
92 57 0.0091 1
92 58 0.0091 1
92 59 0.0091 1
92 60 0.0091 1
92 61 0.0091 1
92 62 0.0091 1
92 63 0.0091 1
92 64 0.0091 1
92 65 0.0091 1
92 66 0.0091 1
92 67 0.0091 1
92 68 0.0091 1
92 69 0.0091 1
92 70 0.0091 1
92 71 0.0091 1
92 72 0.0091 1
92 73 0.0091 1
92 74 0.0091 1
92 75 0.0091 1
92 76 0.0091 1
92 77 0.0091 1
92 78 0.0091 1
92 79 0.0091 1
92 80 0.0091 1
92 81 0.0091 1
92 82 0.0091 1
92 83 0.0091 1
92 84 0.0091 1
92 85 0.0091 1
92 86 0.0091 1
92 87 0.0091 1
92 88 0.0091 1
92 89 0.0091 1
92 90 0.0091 1
92 91 0.0091 1
92 93 0.0091 1
92 94 0.0091 1
92 95 0.0091 1
92 96 0.0091 1
92 97 0.0091 1
92 98 0.0091 1
92 99 0.0091 1
92 100 0.0091 1
92 101 0.0091 1
92 102 0.0091 1
92 103 0.0091 1
92 104 0.0091 1
92 105 0.0091 1
92 106 0.0091 1
92 107 0.0091 1
93 36 0.0091 1
93 37 0.0091 1
93 38 0.0091 1
93 39 0.0091 1
93 40 0.0091 1
93 41 0.0091 1
93 42 0.0091 1
93 43 0.0091 1
93 44 0.0091 1
93 45 0.0091 1
93 46 0.0091 1
93 47 0.0091 1
93 48 0.0091 1
93 49 0.0091 1
93 50 0.0091 1
93 51 0.0091 1
93 52 0.0091 1
93 53 0.0091 1
93 54 0.0091 1
93 55 0.0091 1
93 56 0.0091 1
93 57 0.0091 1
93 58 0.0091 1
93 59 0.0091 1
93 60 0.0091 1
93 61 0.0091 1
93 62 0.0091 1
93 63 0.0091 1
93 64 0.0091 1
93 65 0.0091 1
93 66 0.0091 1
93 67 0.0091 1
93 68 0.0091 1
93 69 0.0091 1
93 70 0.0091 1
93 71 0.0091 1
93 72 0.0091 1
93 73 0.0091 1
93 74 0.0091 1
93 75 0.0091 1
93 76 0.0091 1
93 77 0.0091 1
93 78 0.0091 1
93 79 0.0091 1
93 80 0.0091 1
93 81 0.0091 1
93 82 0.0091 1
93 83 0.0091 1
93 84 0.0091 1
93 85 0.0091 1
93 86 0.0091 1
93 87 0.0091 1
93 88 0.0091 1
93 89 0.0091 1
93 90 0.0091 1
93 91 0.0091 1
93 92 0.0091 1
93 94 0.0091 1
93 95 0.0091 1
93 96 0.0091 1
93 97 0.0091 1
93 98 0.0091 1
93 99 0.0091 1
93 100 0.0091 1
93 101 0.0091 1
93 102 0.0091 1
93 103 0.0091 1
93 104 0.0091 1
93 105 0.0091 1
93 106 0.0091 1
93 107 0.0091 1
94 36 0.0091 1
94 37 0.0091 1
94 38 0.0091 1
94 39 0.0091 1
94 40 0.0091 1
94 41 0.0091 1
94 42 0.0091 1
94 43 0.0091 1
94 44 0.0091 1
94 45 0.0091 1
94 46 0.0091 1
94 47 0.0091 1
94 48 0.0091 1
94 49 0.0091 1
94 50 0.0091 1
94 51 0.0091 1
94 52 0.0091 1
94 53 0.0091 1
94 54 0.0091 1
94 55 0.0091 1
94 56 0.0091 1
94 57 0.0091 1
94 58 0.0091 1
94 59 0.0091 1
94 60 0.0091 1
94 61 0.0091 1
94 62 0.0091 1
94 63 0.0091 1
94 64 0.0091 1
94 65 0.0091 1
94 66 0.0091 1
94 67 0.0091 1
94 68 0.0091 1
94 69 0.0091 1
94 70 0.0091 1
94 71 0.0091 1
94 72 0.0091 1
94 73 0.0091 1
94 74 0.0091 1
94 75 0.0091 1
94 76 0.0091 1
94 77 0.0091 1
94 78 0.0091 1
94 79 0.0091 1
94 80 0.0091 1
94 81 0.0091 1
94 82 0.0091 1
94 83 0.0091 1
94 84 0.0091 1
94 85 0.0091 1
94 86 0.0091 1
94 87 0.0091 1
94 88 0.0091 1
94 89 0.0091 1
94 90 0.0091 1
94 91 0.0091 1
94 92 0.0091 1
94 93 0.0091 1
94 95 0.0091 1
94 96 0.0091 1
94 97 0.0091 1
94 98 0.0091 1
94 99 0.0091 1
94 100 0.0091 1
94 101 0.0091 1
94 102 0.0091 1
94 103 0.0091 1
94 104 0.0091 1
94 105 0.0091 1
94 106 0.0091 1
94 107 0.0091 1
95 36 0.0091 1
95 37 0.0091 1
95 38 0.0091 1
95 39 0.0091 1
95 40 0.0091 1
95 41 0.0091 1
95 42 0.0091 1
95 43 0.0091 1
95 44 0.0091 1
95 45 0.0091 1
95 46 0.0091 1
95 47 0.0091 1
95 48 0.0091 1
95 49 0.0091 1
95 50 0.0091 1
95 51 0.0091 1
95 52 0.0091 1
95 53 0.0091 1
95 54 0.0091 1
95 55 0.0091 1
95 56 0.0091 1
95 57 0.0091 1
95 58 0.0091 1
95 59 0.0091 1
95 60 0.0091 1
95 61 0.0091 1
95 62 0.0091 1
95 63 0.0091 1
95 64 0.0091 1
95 65 0.0091 1
95 66 0.0091 1
95 67 0.0091 1
95 68 0.0091 1
95 69 0.0091 1
95 70 0.0091 1
95 71 0.0091 1
95 72 0.0091 1
95 73 0.0091 1
95 74 0.0091 1
95 75 0.0091 1
95 76 0.0091 1
95 77 0.0091 1
95 78 0.0091 1
95 79 0.0091 1
95 80 0.0091 1
95 81 0.0091 1
95 82 0.0091 1
95 83 0.0091 1
95 84 0.0091 1
95 85 0.0091 1
95 86 0.0091 1
95 87 0.0091 1
95 88 0.0091 1
95 89 0.0091 1
95 90 0.0091 1
95 91 0.0091 1
95 92 0.0091 1
95 93 0.0091 1
95 94 0.0091 1
95 96 0.0091 1
95 97 0.0091 1
95 98 0.0091 1
95 99 0.0091 1
95 100 0.0091 1
95 101 0.0091 1
95 102 0.0091 1
95 103 0.0091 1
95 104 0.0091 1
95 105 0.0091 1
95 106 0.0091 1
95 107 0.0091 1
96 36 0.0091 1
96 37 0.0091 1
96 38 0.0091 1
96 39 0.0091 1
96 40 0.0091 1
96 41 0.0091 1
96 42 0.0091 1
96 43 0.0091 1
96 44 0.0091 1
96 45 0.0091 1
96 46 0.0091 1
96 47 0.0091 1
96 48 0.0091 1
96 49 0.0091 1
96 50 0.0091 1
96 51 0.0091 1
96 52 0.0091 1
96 53 0.0091 1
96 54 0.0091 1
96 55 0.0091 1
96 56 0.0091 1
96 57 0.0091 1
96 58 0.0091 1
96 59 0.0091 1
96 60 0.0091 1
96 61 0.0091 1
96 62 0.0091 1
96 63 0.0091 1
96 64 0.0091 1
96 65 0.0091 1
96 66 0.0091 1
96 67 0.0091 1
96 68 0.0091 1
96 69 0.0091 1
96 70 0.0091 1
96 71 0.0091 1
96 72 0.0091 1
96 73 0.0091 1
96 74 0.0091 1
96 75 0.0091 1
96 76 0.0091 1
96 77 0.0091 1
96 78 0.0091 1
96 79 0.0091 1
96 80 0.0091 1
96 81 0.0091 1
96 82 0.0091 1
96 83 0.0091 1
96 84 0.0091 1
96 85 0.0091 1
96 86 0.0091 1
96 87 0.0091 1
96 88 0.0091 1
96 89 0.0091 1
96 90 0.0091 1
96 91 0.0091 1
96 92 0.0091 1
96 93 0.0091 1
96 94 0.0091 1
96 95 0.0091 1
96 97 0.0091 1
96 98 0.0091 1
96 99 0.0091 1
96 100 0.0091 1
96 101 0.0091 1
96 102 0.0091 1
96 103 0.0091 1
96 104 0.0091 1
96 105 0.0091 1
96 106 0.0091 1
96 107 0.0091 1
97 36 0.0091 1
97 37 0.0091 1
97 38 0.0091 1
97 39 0.0091 1
97 40 0.0091 1
97 41 0.0091 1
97 42 0.0091 1
97 43 0.0091 1
97 44 0.0091 1
97 45 0.0091 1
97 46 0.0091 1
97 47 0.0091 1
97 48 0.0091 1
97 49 0.0091 1
97 50 0.0091 1
97 51 0.0091 1
97 52 0.0091 1
97 53 0.0091 1
97 54 0.0091 1
97 55 0.0091 1
97 56 0.0091 1
97 57 0.0091 1
97 58 0.0091 1
97 59 0.0091 1
97 60 0.0091 1
97 61 0.0091 1
97 62 0.0091 1
97 63 0.0091 1
97 64 0.0091 1
97 65 0.0091 1
97 66 0.0091 1
97 67 0.0091 1
97 68 0.0091 1
97 69 0.0091 1
97 70 0.0091 1
97 71 0.0091 1
97 72 0.0091 1
97 73 0.0091 1
97 74 0.0091 1
97 75 0.0091 1
97 76 0.0091 1
97 77 0.0091 1
97 78 0.0091 1
97 79 0.0091 1
97 80 0.0091 1
97 81 0.0091 1
97 82 0.0091 1
97 83 0.0091 1
97 84 0.0091 1
97 85 0.0091 1
97 86 0.0091 1
97 87 0.0091 1
97 88 0.0091 1
97 89 0.0091 1
97 90 0.0091 1
97 91 0.0091 1
97 92 0.0091 1
97 93 0.0091 1
97 94 0.0091 1
97 95 0.0091 1
97 96 0.0091 1
97 98 0.0091 1
97 99 0.0091 1
97 100 0.0091 1
97 101 0.0091 1
97 102 0.0091 1
97 103 0.0091 1
97 104 0.0091 1
97 105 0.0091 1
97 106 0.0091 1
97 107 0.0091 1
98 36 0.0091 1
98 37 0.0091 1
98 38 0.0091 1
98 39 0.0091 1
98 40 0.0091 1
98 41 0.0091 1
98 42 0.0091 1
98 43 0.0091 1
98 44 0.0091 1
98 45 0.0091 1
98 46 0.0091 1
98 47 0.0091 1
98 48 0.0091 1
98 49 0.0091 1
98 50 0.0091 1
98 51 0.0091 1
98 52 0.0091 1
98 53 0.0091 1
98 54 0.0091 1
98 55 0.0091 1
98 56 0.0091 1
98 57 0.0091 1
98 58 0.0091 1
98 59 0.0091 1
98 60 0.0091 1
98 61 0.0091 1
98 62 0.0091 1
98 63 0.0091 1
98 64 0.0091 1
98 65 0.0091 1
98 66 0.0091 1
98 67 0.0091 1
98 68 0.0091 1
98 69 0.0091 1
98 70 0.0091 1
98 71 0.0091 1
98 72 0.0091 1
98 73 0.0091 1
98 74 0.0091 1
98 75 0.0091 1
98 76 0.0091 1
98 77 0.0091 1
98 78 0.0091 1
98 79 0.0091 1
98 80 0.0091 1
98 81 0.0091 1
98 82 0.0091 1
98 83 0.0091 1
98 84 0.0091 1
98 85 0.0091 1
98 86 0.0091 1
98 87 0.0091 1
98 88 0.0091 1
98 89 0.0091 1
98 90 0.0091 1
98 91 0.0091 1
98 92 0.0091 1
98 93 0.0091 1
98 94 0.0091 1
98 95 0.0091 1
98 96 0.0091 1
98 97 0.0091 1
98 99 0.0091 1
98 100 0.0091 1
98 101 0.0091 1
98 102 0.0091 1
98 103 0.0091 1
98 104 0.0091 1
98 105 0.0091 1
98 106 0.0091 1
98 107 0.0091 1
99 36 0.0091 1
99 37 0.0091 1
99 38 0.0091 1
99 39 0.0091 1
99 40 0.0091 1
99 41 0.0091 1
99 42 0.0091 1
99 43 0.0091 1
99 44 0.0091 1
99 45 0.0091 1
99 46 0.0091 1
99 47 0.0091 1
99 48 0.0091 1
99 49 0.0091 1
99 50 0.0091 1
99 51 0.0091 1
99 52 0.0091 1
99 53 0.0091 1
99 54 0.0091 1
99 55 0.0091 1
99 56 0.0091 1
99 57 0.0091 1
99 58 0.0091 1
99 59 0.0091 1
99 60 0.0091 1
99 61 0.0091 1
99 62 0.0091 1
99 63 0.0091 1
99 64 0.0091 1
99 65 0.0091 1
99 66 0.0091 1
99 67 0.0091 1
99 68 0.0091 1
99 69 0.0091 1
99 70 0.0091 1
99 71 0.0091 1
99 72 0.0091 1
99 73 0.0091 1
99 74 0.0091 1
99 75 0.0091 1
99 76 0.0091 1
99 77 0.0091 1
99 78 0.0091 1
99 79 0.0091 1
99 80 0.0091 1
99 81 0.0091 1
99 82 0.0091 1
99 83 0.0091 1
99 84 0.0091 1
99 85 0.0091 1
99 86 0.0091 1
99 87 0.0091 1
99 88 0.0091 1
99 89 0.0091 1
99 90 0.0091 1
99 91 0.0091 1
99 92 0.0091 1
99 93 0.0091 1
99 94 0.0091 1
99 95 0.0091 1
99 96 0.0091 1
99 97 0.0091 1
99 98 0.0091 1
99 100 0.0091 1
99 101 0.0091 1
99 102 0.0091 1
99 103 0.0091 1
99 104 0.0091 1
99 105 0.0091 1
99 106 0.0091 1
99 107 0.0091 1
100 36 0.0091 1
100 37 0.0091 1
100 38 0.0091 1
100 39 0.0091 1
100 40 0.0091 1
100 41 0.0091 1
100 42 0.0091 1
100 43 0.0091 1
100 44 0.0091 1
100 45 0.0091 1
100 46 0.0091 1
100 47 0.0091 1
100 48 0.0091 1
100 49 0.0091 1
100 50 0.0091 1
100 51 0.0091 1
100 52 0.0091 1
100 53 0.0091 1
100 54 0.0091 1
100 55 0.0091 1
100 56 0.0091 1
100 57 0.0091 1
100 58 0.0091 1
100 59 0.0091 1
100 60 0.0091 1
100 61 0.0091 1
100 62 0.0091 1
100 63 0.0091 1
100 64 0.0091 1
100 65 0.0091 1
100 66 0.0091 1
100 67 0.0091 1
100 68 0.0091 1
100 69 0.0091 1
100 70 0.0091 1
100 71 0.0091 1
100 72 0.0091 1
100 73 0.0091 1
100 74 0.0091 1
100 75 0.0091 1
100 76 0.0091 1
100 77 0.0091 1
100 78 0.0091 1
100 79 0.0091 1
100 80 0.0091 1
100 81 0.0091 1
100 82 0.0091 1
100 83 0.0091 1
100 84 0.0091 1
100 85 0.0091 1
100 86 0.0091 1
100 87 0.0091 1
100 88 0.0091 1
100 89 0.0091 1
100 90 0.0091 1
100 91 0.0091 1
100 92 0.0091 1
100 93 0.0091 1
100 94 0.0091 1
100 95 0.0091 1
100 96 0.0091 1
100 97 0.0091 1
100 98 0.0091 1
100 99 0.0091 1
100 101 0.0091 1
100 102 0.0091 1
100 103 0.0091 1
100 104 0.0091 1
100 105 0.0091 1
100 106 0.0091 1
100 107 0.0091 1
101 36 0.0091 1
101 37 0.0091 1
101 38 0.0091 1
101 39 0.0091 1
101 40 0.0091 1
101 41 0.0091 1
101 42 0.0091 1
101 43 0.0091 1
101 44 0.0091 1
101 45 0.0091 1
101 46 0.0091 1
101 47 0.0091 1
101 48 0.0091 1
101 49 0.0091 1
101 50 0.0091 1
101 51 0.0091 1
101 52 0.0091 1
101 53 0.0091 1
101 54 0.0091 1
101 55 0.0091 1
101 56 0.0091 1
101 57 0.0091 1
101 58 0.0091 1
101 59 0.0091 1
101 60 0.0091 1
101 61 0.0091 1
101 62 0.0091 1
101 63 0.0091 1
101 64 0.0091 1
101 65 0.0091 1
101 66 0.0091 1
101 67 0.0091 1
101 68 0.0091 1
101 69 0.0091 1
101 70 0.0091 1
101 71 0.0091 1
101 72 0.0091 1
101 73 0.0091 1
101 74 0.0091 1
101 75 0.0091 1
101 76 0.0091 1
101 77 0.0091 1
101 78 0.0091 1
101 79 0.0091 1
101 80 0.0091 1
101 81 0.0091 1
101 82 0.0091 1
101 83 0.0091 1
101 84 0.0091 1
101 85 0.0091 1
101 86 0.0091 1
101 87 0.0091 1
101 88 0.0091 1
101 89 0.0091 1
101 90 0.0091 1
101 91 0.0091 1
101 92 0.0091 1
101 93 0.0091 1
101 94 0.0091 1
101 95 0.0091 1
101 96 0.0091 1
101 97 0.0091 1
101 98 0.0091 1
101 99 0.0091 1
101 100 0.0091 1
101 102 0.0091 1
101 103 0.0091 1
101 104 0.0091 1
101 105 0.0091 1
101 106 0.0091 1
101 107 0.0091 1
102 36 0.0091 1
102 37 0.0091 1
102 38 0.0091 1
102 39 0.0091 1
102 40 0.0091 1
102 41 0.0091 1
102 42 0.0091 1
102 43 0.0091 1
102 44 0.0091 1
102 45 0.0091 1
102 46 0.0091 1
102 47 0.0091 1
102 48 0.0091 1
102 49 0.0091 1
102 50 0.0091 1
102 51 0.0091 1
102 52 0.0091 1
102 53 0.0091 1
102 54 0.0091 1
102 55 0.0091 1
102 56 0.0091 1
102 57 0.0091 1
102 58 0.0091 1
102 59 0.0091 1
102 60 0.0091 1
102 61 0.0091 1
102 62 0.0091 1
102 63 0.0091 1
102 64 0.0091 1
102 65 0.0091 1
102 66 0.0091 1
102 67 0.0091 1
102 68 0.0091 1
102 69 0.0091 1
102 70 0.0091 1
102 71 0.0091 1
102 72 0.0091 1
102 73 0.0091 1
102 74 0.0091 1
102 75 0.0091 1
102 76 0.0091 1
102 77 0.0091 1
102 78 0.0091 1
102 79 0.0091 1
102 80 0.0091 1
102 81 0.0091 1
102 82 0.0091 1
102 83 0.0091 1
102 84 0.0091 1
102 85 0.0091 1
102 86 0.0091 1
102 87 0.0091 1
102 88 0.0091 1
102 89 0.0091 1
102 90 0.0091 1
102 91 0.0091 1
102 92 0.0091 1
102 93 0.0091 1
102 94 0.0091 1
102 95 0.0091 1
102 96 0.0091 1
102 97 0.0091 1
102 98 0.0091 1
102 99 0.0091 1
102 100 0.0091 1
102 101 0.0091 1
102 103 0.0091 1
102 104 0.0091 1
102 105 0.0091 1
102 106 0.0091 1
102 107 0.0091 1
103 36 0.0091 1
103 37 0.0091 1
103 38 0.0091 1
103 39 0.0091 1
103 40 0.0091 1
103 41 0.0091 1
103 42 0.0091 1
103 43 0.0091 1
103 44 0.0091 1
103 45 0.0091 1
103 46 0.0091 1
103 47 0.0091 1
103 48 0.0091 1
103 49 0.0091 1
103 50 0.0091 1
103 51 0.0091 1
103 52 0.0091 1
103 53 0.0091 1
103 54 0.0091 1
103 55 0.0091 1
103 56 0.0091 1
103 57 0.0091 1
103 58 0.0091 1
103 59 0.0091 1
103 60 0.0091 1
103 61 0.0091 1
103 62 0.0091 1
103 63 0.0091 1
103 64 0.0091 1
103 65 0.0091 1
103 66 0.0091 1
103 67 0.0091 1
103 68 0.0091 1
103 69 0.0091 1
103 70 0.0091 1
103 71 0.0091 1
103 72 0.0091 1
103 73 0.0091 1
103 74 0.0091 1
103 75 0.0091 1
103 76 0.0091 1
103 77 0.0091 1
103 78 0.0091 1
103 79 0.0091 1
103 80 0.0091 1
103 81 0.0091 1
103 82 0.0091 1
103 83 0.0091 1
103 84 0.0091 1
103 85 0.0091 1
103 86 0.0091 1
103 87 0.0091 1
103 88 0.0091 1
103 89 0.0091 1
103 90 0.0091 1
103 91 0.0091 1
103 92 0.0091 1
103 93 0.0091 1
103 94 0.0091 1
103 95 0.0091 1
103 96 0.0091 1
103 97 0.0091 1
103 98 0.0091 1
103 99 0.0091 1
103 100 0.0091 1
103 101 0.0091 1
103 102 0.0091 1
103 104 0.0091 1
103 105 0.0091 1
103 106 0.0091 1
103 107 0.0091 1
104 36 0.0091 1
104 37 0.0091 1
104 38 0.0091 1
104 39 0.0091 1
104 40 0.0091 1
104 41 0.0091 1
104 42 0.0091 1
104 43 0.0091 1
104 44 0.0091 1
104 45 0.0091 1
104 46 0.0091 1
104 47 0.0091 1
104 48 0.0091 1
104 49 0.0091 1
104 50 0.0091 1
104 51 0.0091 1
104 52 0.0091 1
104 53 0.0091 1
104 54 0.0091 1
104 55 0.0091 1
104 56 0.0091 1
104 57 0.0091 1
104 58 0.0091 1
104 59 0.0091 1
104 60 0.0091 1
104 61 0.0091 1
104 62 0.0091 1
104 63 0.0091 1
104 64 0.0091 1
104 65 0.0091 1
104 66 0.0091 1
104 67 0.0091 1
104 68 0.0091 1
104 69 0.0091 1
104 70 0.0091 1
104 71 0.0091 1
104 72 0.0091 1
104 73 0.0091 1
104 74 0.0091 1
104 75 0.0091 1
104 76 0.0091 1
104 77 0.0091 1
104 78 0.0091 1
104 79 0.0091 1
104 80 0.0091 1
104 81 0.0091 1
104 82 0.0091 1
104 83 0.0091 1
104 84 0.0091 1
104 85 0.0091 1
104 86 0.0091 1
104 87 0.0091 1
104 88 0.0091 1
104 89 0.0091 1
104 90 0.0091 1
104 91 0.0091 1
104 92 0.0091 1
104 93 0.0091 1
104 94 0.0091 1
104 95 0.0091 1
104 96 0.0091 1
104 97 0.0091 1
104 98 0.0091 1
104 99 0.0091 1
104 100 0.0091 1
104 101 0.0091 1
104 102 0.0091 1
104 103 0.0091 1
104 105 0.0091 1
104 106 0.0091 1
104 107 0.0091 1
105 36 0.0091 1
105 37 0.0091 1
105 38 0.0091 1
105 39 0.0091 1
105 40 0.0091 1
105 41 0.0091 1
105 42 0.0091 1
105 43 0.0091 1
105 44 0.0091 1
105 45 0.0091 1
105 46 0.0091 1
105 47 0.0091 1
105 48 0.0091 1
105 49 0.0091 1
105 50 0.0091 1
105 51 0.0091 1
105 52 0.0091 1
105 53 0.0091 1
105 54 0.0091 1
105 55 0.0091 1
105 56 0.0091 1
105 57 0.0091 1
105 58 0.0091 1
105 59 0.0091 1
105 60 0.0091 1
105 61 0.0091 1
105 62 0.0091 1
105 63 0.0091 1
105 64 0.0091 1
105 65 0.0091 1
105 66 0.0091 1
105 67 0.0091 1
105 68 0.0091 1
105 69 0.0091 1
105 70 0.0091 1
105 71 0.0091 1
105 72 0.0091 1
105 73 0.0091 1
105 74 0.0091 1
105 75 0.0091 1
105 76 0.0091 1
105 77 0.0091 1
105 78 0.0091 1
105 79 0.0091 1
105 80 0.0091 1
105 81 0.0091 1
105 82 0.0091 1
105 83 0.0091 1
105 84 0.0091 1
105 85 0.0091 1
105 86 0.0091 1
105 87 0.0091 1
105 88 0.0091 1
105 89 0.0091 1
105 90 0.0091 1
105 91 0.0091 1
105 92 0.0091 1
105 93 0.0091 1
105 94 0.0091 1
105 95 0.0091 1
105 96 0.0091 1
105 97 0.0091 1
105 98 0.0091 1
105 99 0.0091 1
105 100 0.0091 1
105 101 0.0091 1
105 102 0.0091 1
105 103 0.0091 1
105 104 0.0091 1
105 106 0.0091 1
105 107 0.0091 1
106 36 0.0091 1
106 37 0.0091 1
106 38 0.0091 1
106 39 0.0091 1
106 40 0.0091 1
106 41 0.0091 1
106 42 0.0091 1
106 43 0.0091 1
106 44 0.0091 1
106 45 0.0091 1
106 46 0.0091 1
106 47 0.0091 1
106 48 0.0091 1
106 49 0.0091 1
106 50 0.0091 1
106 51 0.0091 1
106 52 0.0091 1
106 53 0.0091 1
106 54 0.0091 1
106 55 0.0091 1
106 56 0.0091 1
106 57 0.0091 1
106 58 0.0091 1
106 59 0.0091 1
106 60 0.0091 1
106 61 0.0091 1
106 62 0.0091 1
106 63 0.0091 1
106 64 0.0091 1
106 65 0.0091 1
106 66 0.0091 1
106 67 0.0091 1
106 68 0.0091 1
106 69 0.0091 1
106 70 0.0091 1
106 71 0.0091 1
106 72 0.0091 1
106 73 0.0091 1
106 74 0.0091 1
106 75 0.0091 1
106 76 0.0091 1
106 77 0.0091 1
106 78 0.0091 1
106 79 0.0091 1
106 80 0.0091 1
106 81 0.0091 1
106 82 0.0091 1
106 83 0.0091 1
106 84 0.0091 1
106 85 0.0091 1
106 86 0.0091 1
106 87 0.0091 1
106 88 0.0091 1
106 89 0.0091 1
106 90 0.0091 1
106 91 0.0091 1
106 92 0.0091 1
106 93 0.0091 1
106 94 0.0091 1
106 95 0.0091 1
106 96 0.0091 1
106 97 0.0091 1
106 98 0.0091 1
106 99 0.0091 1
106 100 0.0091 1
106 101 0.0091 1
106 102 0.0091 1
106 103 0.0091 1
106 104 0.0091 1
106 105 0.0091 1
106 107 0.0091 1
107 36 0.0091 1
107 37 0.0091 1
107 38 0.0091 1
107 39 0.0091 1
107 40 0.0091 1
107 41 0.0091 1
107 42 0.0091 1
107 43 0.0091 1
107 44 0.0091 1
107 45 0.0091 1
107 46 0.0091 1
107 47 0.0091 1
107 48 0.0091 1
107 49 0.0091 1
107 50 0.0091 1
107 51 0.0091 1
107 52 0.0091 1
107 53 0.0091 1
107 54 0.0091 1
107 55 0.0091 1
107 56 0.0091 1
107 57 0.0091 1
107 58 0.0091 1
107 59 0.0091 1
107 60 0.0091 1
107 61 0.0091 1
107 62 0.0091 1
107 63 0.0091 1
107 64 0.0091 1
107 65 0.0091 1
107 66 0.0091 1
107 67 0.0091 1
107 68 0.0091 1
107 69 0.0091 1
107 70 0.0091 1
107 71 0.0091 1
107 72 0.0091 1
107 73 0.0091 1
107 74 0.0091 1
107 75 0.0091 1
107 76 0.0091 1
107 77 0.0091 1
107 78 0.0091 1
107 79 0.0091 1
107 80 0.0091 1
107 81 0.0091 1
107 82 0.0091 1
107 83 0.0091 1
107 84 0.0091 1
107 85 0.0091 1
107 86 0.0091 1
107 87 0.0091 1
107 88 0.0091 1
107 89 0.0091 1
107 90 0.0091 1
107 91 0.0091 1
107 92 0.0091 1
107 93 0.0091 1
107 94 0.0091 1
107 95 0.0091 1
107 96 0.0091 1
107 97 0.0091 1
107 98 0.0091 1
107 99 0.0091 1
107 100 0.0091 1
107 101 0.0091 1
107 102 0.0091 1
107 103 0.0091 1
107 104 0.0091 1
107 105 0.0091 1
107 106 0.0091 1
