37 36 1.0 100
38 36 1.0 100
39 36 1.0 100
40 36 1.0 100
41 36 1.0 100
42 36 1.0 100
43 36 1.0 100
44 36 1.0 100
45 36 1.0 100
46 36 1.0 100
47 36 1.0 100
48 36 1.0 100
49 36 1.0 100
50 36 1.0 100
51 36 1.0 100
52 36 1.0 100
53 36 1.0 100
54 36 1.0 100
55 36 1.0 100
56 36 1.0 100
57 36 1.0 100
58 36 1.0 100
59 36 1.0 100
60 36 1.0 100
61 36 1.0 100
62 36 1.0 100
63 36 1.0 100
64 36 1.0 100
65 36 1.0 100
66 36 1.0 100
67 36 1.0 100
68 36 1.0 100
69 36 1.0 100
70 36 1.0 100
71 36 1.0 100
72 36 1.0 100
73 36 1.0 100
74 36 1.0 100
75 36 1.0 100
76 36 1.0 100
77 36 1.0 100
78 36 1.0 100
79 36 1.0 100
80 36 1.0 100
81 36 1.0 100
82 36 1.0 100
83 36 1.0 100
84 36 1.0 100
85 36 1.0 100
86 36 1.0 100
87 36 1.0 100
88 36 1.0 100
89 36 1.0 100
90 36 1.0 100
91 36 1.0 100
92 36 1.0 100
93 36 1.0 100
94 36 1.0 100
95 36 1.0 100
96 36 1.0 100
97 36 1.0 100
98 36 1.0 100
99 36 1.0 100
100 36 1.0 100
101 36 1.0 100
102 36 1.0 100
103 36 1.0 100
104 36 1.0 100
105 36 1.0 100
106 36 1.0 100
107 36 1.0 100
108 36 1.0 100
109 36 1.0 100
110 36 1.0 100
111 36 1.0 100
112 36 1.0 100
113 36 1.0 100
114 36 1.0 100
115 36 1.0 100
116 36 1.0 100
117 36 1.0 100
118 36 1.0 100
119 36 1.0 100
120 36 1.0 100
121 36 1.0 100
122 36 1.0 100
123 36 1.0 100
124 36 1.0 100
125 36 1.0 100
126 36 1.0 100
127 36 1.0 100
128 36 1.0 100
129 36 1.0 100
130 36 1.0 100
131 36 1.0 100
132 36 1.0 100
133 36 1.0 100
134 36 1.0 100
135 36 1.0 100
136 36 1.0 100
137 36 1.0 100
138 36 1.0 100
139 36 1.0 100
140 36 1.0 100
141 36 1.0 100
142 36 1.0 100
143 36 1.0 100
