36 52 1 100
37 53 1 100
38 54 1 100
39 55 1 100
40 56 1 100
41 57 1 100
42 58 1 100
43 59 1 100
44 60 1 100
45 61 1 100
46 62 1 100
47 63 1 100
48 64 1 100
49 65 1 100
50 66 1 100
51 67 1 100
36 68 1 100
37 69 1 100
38 70 1 100
39 71 1 100
40 72 1 100
41 73 1 100
42 74 1 100
43 75 1 100
44 76 1 100
45 77 1 100
46 78 1 100
47 79 1 100
48 80 1 100
49 81 1 100
50 82 1 100
51 83 1 100
36 84 1 100
37 85 1 100
38 86 1 100
39 87 1 100
40 88 1 100
41 89 1 100
42 90 1 100
43 91 1 100
44 92 1 100
45 93 1 100
46 94 1 100
47 95 1 100
48 96 1 100
49 97 1 100
50 98 1 100
51 99 1 100
36 100 1 100
37 101 1 100
38 102 1 100
39 103 1 100
40 104 1 100
41 105 1 100
42 106 1 100
43 107 1 100
44 108 1 100
45 109 1 100
46 110 1 100
47 111 1 100
48 112 1 100
49 113 1 100
50 114 1 100
51 115 1 100
36 116 1 100
37 117 1 100
38 118 1 100
39 119 1 100
40 120 1 100
41 121 1 100
42 122 1 100
43 123 1 100
44 124 1 100
45 125 1 100
46 126 1 100
47 127 1 100
48 128 1 100
49 129 1 100
50 130 1 100
51 131 1 100
36 132 1 100
37 133 1 100
38 134 1 100
39 135 1 100
40 136 1 100
41 137 1 100
42 138 1 100
43 139 1 100
44 140 1 100
45 141 1 100
46 142 1 100
47 143 1 100
48 144 1 100
49 145 1 100
50 146 1 100
51 147 1 100
36 148 1 100
37 149 1 100
38 150 1 100
39 151 1 100
40 152 1 100
41 153 1 100
42 154 1 100
43 155 1 100
44 156 1 100
45 157 1 100
46 158 1 100
47 159 1 100
48 160 1 100
49 161 1 100
50 162 1 100
51 163 1 100
36 164 1 100
37 165 1 100
38 166 1 100
39 167 1 100
40 168 1 100
41 169 1 100
42 170 1 100
43 171 1 100
44 172 1 100
45 173 1 100
46 174 1 100
47 175 1 100
48 176 1 100
49 177 1 100
50 178 1 100
51 179 1 100
164 36 1 100
165 37 1 100
166 38 1 100
167 39 1 100
168 40 1 100
169 41 1 100
170 42 1 100
171 43 1 100
172 44 1 100
173 45 1 100
174 46 1 100
175 47 1 100
176 48 1 100
177 49 1 100
178 50 1 100
179 51 1 100
