36 144
0 0 7 100 1
1 0 11 100 1
2 1 14 100 1
3 1 18 100 1
4 2 21 100 1
5 2 25 100 1
6 3 28 100 1
7 3 32 100 1
8 4 11 100 1
9 4 15 100 1
10 5 18 100 1
11 5 22 100 1
12 6 25 100 1
13 6 29 100 1
14 7 32 100 1
15 8 15 100 1
16 8 19 100 1
17 9 22 100 1
18 9 26 100 1
19 10 29 100 1
20 10 33 100 1
21 12 19 100 1
22 12 23 100 1
23 13 26 100 1
24 13 30 100 1
25 14 33 100 1
26 16 23 100 1
27 16 27 100 1
28 17 30 100 1
29 17 34 100 1
30 20 27 100 1
31 20 31 100 1
32 21 34 100 1
33 24 31 100 1
34 24 35 100 1
35 28 35 100 1
36 0 1 100 1
37 0 2 100 1
38 0 3 100 1
39 1 2 100 1
40 1 3 100 1
41 2 3 100 1
42 4 5 100 1
43 4 6 100 1
44 4 7 100 1
45 5 6 100 1
46 5 7 100 1
47 6 7 100 1
48 8 9 100 1
49 8 10 100 1
50 8 11 100 1
51 9 10 100 1
52 9 11 100 1
53 10 11 100 1
54 12 13 100 1
55 12 14 100 1
56 12 15 100 1
57 13 14 100 1
58 13 15 100 1
59 14 15 100 1
60 16 17 100 1
61 16 18 100 1
62 16 19 100 1
63 17 18 100 1
64 17 19 100 1
65 18 19 100 1
66 20 21 100 1
67 20 22 100 1
68 20 23 100 1
69 21 22 100 1
70 21 23 100 1
71 22 23 100 1
72 24 25 100 1
73 24 26 100 1
74 24 27 100 1
75 25 26 100 1
76 25 27 100 1
77 26 27 100 1
78 28 29 100 1
79 28 30 100 1
80 28 31 100 1
81 29 30 100 1
82 29 31 100 1
83 30 31 100 1
84 32 33 100 1
85 32 34 100 1
86 32 35 100 1
87 33 34 100 1
88 33 35 100 1
89 34 35 100 1
90 0 36 100 1
91 0 37 100 1
92 0 38 100 1
93 0 39 100 1
94 1 40 100 1
95 1 41 100 1
96 1 42 100 1
97 1 43 100 1
98 2 44 100 1
99 2 45 100 1
100 2 46 100 1
101 2 47 100 1
102 3 48 100 1
103 3 49 100 1
104 3 50 100 1
105 3 51 100 1
106 4 52 100 1
107 4 53 100 1
108 4 54 100 1
109 4 55 100 1
110 5 56 100 1
111 5 57 100 1
112 5 58 100 1
113 5 59 100 1
114 6 60 100 1
115 6 61 100 1
116 6 62 100 1
117 6 63 100 1
118 7 64 100 1
119 7 65 100 1
120 7 66 100 1
121 7 67 100 1
122 8 68 100 1
123 8 69 100 1
124 8 70 100 1
125 8 71 100 1
126 9 72 100 1
127 9 73 100 1
128 9 74 100 1
129 9 75 100 1
130 10 76 100 1
131 10 77 100 1
132 10 78 100 1
133 10 79 100 1
134 11 80 100 1
135 11 81 100 1
136 11 82 100 1
137 11 83 100 1
138 12 84 100 1
139 12 85 100 1
140 12 86 100 1
141 12 87 100 1
142 13 88 100 1
143 13 89 100 1
144 13 90 100 1
145 13 91 100 1
146 14 92 100 1
147 14 93 100 1
148 14 94 100 1
149 14 95 100 1
150 15 96 100 1
151 15 97 100 1
152 15 98 100 1
153 15 99 100 1
154 16 100 100 1
155 16 101 100 1
156 16 102 100 1
157 16 103 100 1
158 17 104 100 1
159 17 105 100 1
160 17 106 100 1
161 17 107 100 1
162 18 108 100 1
163 18 109 100 1
164 18 110 100 1
165 18 111 100 1
166 19 112 100 1
167 19 113 100 1
168 19 114 100 1
169 19 115 100 1
170 20 116 100 1
171 20 117 100 1
172 20 118 100 1
173 20 119 100 1
174 21 120 100 1
175 21 121 100 1
176 21 122 100 1
177 21 123 100 1
178 22 124 100 1
179 22 125 100 1
180 22 126 100 1
181 22 127 100 1
182 23 128 100 1
183 23 129 100 1
184 23 130 100 1
185 23 131 100 1
186 24 132 100 1
187 24 133 100 1
188 24 134 100 1
189 24 135 100 1
190 25 136 100 1
191 25 137 100 1
192 25 138 100 1
193 25 139 100 1
194 26 140 100 1
195 26 141 100 1
196 26 142 100 1
197 26 143 100 1
198 27 144 100 1
199 27 145 100 1
200 27 146 100 1
201 27 147 100 1
202 28 148 100 1
203 28 149 100 1
204 28 150 100 1
205 28 151 100 1
206 29 152 100 1
207 29 153 100 1
208 29 154 100 1
209 29 155 100 1
210 30 156 100 1
211 30 157 100 1
212 30 158 100 1
213 30 159 100 1
214 31 160 100 1
215 31 161 100 1
216 31 162 100 1
217 31 163 100 1
218 32 164 100 1
219 32 165 100 1
220 32 166 100 1
221 32 167 100 1
222 33 168 100 1
223 33 169 100 1
224 33 170 100 1
225 33 171 100 1
226 34 172 100 1
227 34 173 100 1
228 34 174 100 1
229 34 175 100 1
230 35 176 100 1
231 35 177 100 1
232 35 178 100 1
233 35 179 100 1
