80 81 1.0 200
80 82 1.0 200
80 83 1.0 200
80 84 1.0 200
80 85 1.0 200
80 86 1.0 200
80 87 1.0 200
80 88 1.0 200
80 89 1.0 200
80 90 1.0 200
80 91 1.0 200
80 92 1.0 200
80 93 1.0 200
80 94 1.0 200
80 95 1.0 200
80 96 1.0 200
80 97 1.0 200
80 98 1.0 200
80 99 1.0 200
80 100 1.0 200
80 101 1.0 200
80 102 1.0 200
80 103 1.0 200
80 104 1.0 200
80 105 1.0 200
80 106 1.0 200
80 107 1.0 200
80 108 1.0 200
80 109 1.0 200
80 110 1.0 200
80 111 1.0 200
80 112 1.0 200
80 113 1.0 200
80 114 1.0 200
80 115 1.0 200
80 116 1.0 200
80 117 1.0 200
80 118 1.0 200
80 119 1.0 200
80 120 1.0 200
80 121 1.0 200
80 122 1.0 200
80 123 1.0 200
80 124 1.0 200
80 125 1.0 200
80 126 1.0 200
80 127 1.0 200
80 128 1.0 200
80 129 1.0 200
80 130 1.0 200
80 131 1.0 200
80 132 1.0 200
80 133 1.0 200
80 134 1.0 200
80 135 1.0 200
80 136 1.0 200
80 137 1.0 200
80 138 1.0 200
80 139 1.0 200
80 140 1.0 200
80 141 1.0 200
80 142 1.0 200
80 143 1.0 200
