81 80 1.0 200
82 80 1.0 200
83 80 1.0 200
84 80 1.0 200
85 80 1.0 200
86 80 1.0 200
87 80 1.0 200
88 80 1.0 200
89 80 1.0 200
90 80 1.0 200
91 80 1.0 200
92 80 1.0 200
93 80 1.0 200
94 80 1.0 200
95 80 1.0 200
96 80 1.0 200
97 80 1.0 200
98 80 1.0 200
99 80 1.0 200
100 80 1.0 200
101 80 1.0 200
102 80 1.0 200
103 80 1.0 200
104 80 1.0 200
105 80 1.0 200
106 80 1.0 200
107 80 1.0 200
108 80 1.0 200
109 80 1.0 200
110 80 1.0 200
111 80 1.0 200
112 80 1.0 200
113 80 1.0 200
114 80 1.0 200
115 80 1.0 200
116 80 1.0 200
117 80 1.0 200
118 80 1.0 200
119 80 1.0 200
120 80 1.0 200
121 80 1.0 200
122 80 1.0 200
123 80 1.0 200
124 80 1.0 200
125 80 1.0 200
126 80 1.0 200
127 80 1.0 200
128 80 1.0 200
129 80 1.0 200
130 80 1.0 200
131 80 1.0 200
132 80 1.0 200
133 80 1.0 200
134 80 1.0 200
135 80 1.0 200
136 80 1.0 200
137 80 1.0 200
138 80 1.0 200
139 80 1.0 200
140 80 1.0 200
141 80 1.0 200
142 80 1.0 200
143 80 1.0 200
