44 36 0.125 1
52 36 0.125 1
60 36 0.125 1
68 36 0.125 1
76 36 0.125 1
84 36 0.125 1
92 36 0.125 1
100 36 0.125 1
45 37 0.125 1
53 37 0.125 1
61 37 0.125 1
69 37 0.125 1
77 37 0.125 1
85 37 0.125 1
93 37 0.125 1
101 37 0.125 1
46 38 0.125 1
54 38 0.125 1
62 38 0.125 1
70 38 0.125 1
78 38 0.125 1
86 38 0.125 1
94 38 0.125 1
102 38 0.125 1
47 39 0.125 1
55 39 0.125 1
63 39 0.125 1
71 39 0.125 1
79 39 0.125 1
87 39 0.125 1
95 39 0.125 1
103 39 0.125 1
48 40 0.125 1
56 40 0.125 1
64 40 0.125 1
72 40 0.125 1
80 40 0.125 1
88 40 0.125 1
96 40 0.125 1
104 40 0.125 1
49 41 0.125 1
57 41 0.125 1
65 41 0.125 1
73 41 0.125 1
81 41 0.125 1
89 41 0.125 1
97 41 0.125 1
105 41 0.125 1
50 42 0.125 1
58 42 0.125 1
66 42 0.125 1
74 42 0.125 1
82 42 0.125 1
90 42 0.125 1
98 42 0.125 1
106 42 0.125 1
51 43 0.125 1
59 43 0.125 1
67 43 0.125 1
75 43 0.125 1
83 43 0.125 1
91 43 0.125 1
99 43 0.125 1
107 43 0.125 1
