52 36 0.125 1
68 36 0.125 1
84 36 0.125 1
100 36 0.125 1
116 36 0.125 1
132 36 0.125 1
148 36 0.125 1
164 36 0.125 1
53 37 0.125 1
69 37 0.125 1
85 37 0.125 1
101 37 0.125 1
117 37 0.125 1
133 37 0.125 1
149 37 0.125 1
165 37 0.125 1
54 38 0.125 1
70 38 0.125 1
86 38 0.125 1
102 38 0.125 1
118 38 0.125 1
134 38 0.125 1
150 38 0.125 1
166 38 0.125 1
55 39 0.125 1
71 39 0.125 1
87 39 0.125 1
103 39 0.125 1
119 39 0.125 1
135 39 0.125 1
151 39 0.125 1
167 39 0.125 1
56 40 0.125 1
72 40 0.125 1
88 40 0.125 1
104 40 0.125 1
120 40 0.125 1
136 40 0.125 1
152 40 0.125 1
168 40 0.125 1
57 41 0.125 1
73 41 0.125 1
89 41 0.125 1
105 41 0.125 1
121 41 0.125 1
137 41 0.125 1
153 41 0.125 1
169 41 0.125 1
58 42 0.125 1
74 42 0.125 1
90 42 0.125 1
106 42 0.125 1
122 42 0.125 1
138 42 0.125 1
154 42 0.125 1
170 42 0.125 1
59 43 0.125 1
75 43 0.125 1
91 43 0.125 1
107 43 0.125 1
123 43 0.125 1
139 43 0.125 1
155 43 0.125 1
171 43 0.125 1
60 44 0.125 1
76 44 0.125 1
92 44 0.125 1
108 44 0.125 1
124 44 0.125 1
140 44 0.125 1
156 44 0.125 1
172 44 0.125 1
61 45 0.125 1
77 45 0.125 1
93 45 0.125 1
109 45 0.125 1
125 45 0.125 1
141 45 0.125 1
157 45 0.125 1
173 45 0.125 1
62 46 0.125 1
78 46 0.125 1
94 46 0.125 1
110 46 0.125 1
126 46 0.125 1
142 46 0.125 1
158 46 0.125 1
174 46 0.125 1
63 47 0.125 1
79 47 0.125 1
95 47 0.125 1
111 47 0.125 1
127 47 0.125 1
143 47 0.125 1
159 47 0.125 1
175 47 0.125 1
64 48 0.125 1
80 48 0.125 1
96 48 0.125 1
112 48 0.125 1
128 48 0.125 1
144 48 0.125 1
160 48 0.125 1
176 48 0.125 1
65 49 0.125 1
81 49 0.125 1
97 49 0.125 1
113 49 0.125 1
129 49 0.125 1
145 49 0.125 1
161 49 0.125 1
177 49 0.125 1
66 50 0.125 1
82 50 0.125 1
98 50 0.125 1
114 50 0.125 1
130 50 0.125 1
146 50 0.125 1
162 50 0.125 1
178 50 0.125 1
67 51 0.125 1
83 51 0.125 1
99 51 0.125 1
115 51 0.125 1
131 51 0.125 1
147 51 0.125 1
163 51 0.125 1
179 51 0.125 1
