36 44 0.7142 1
37 45 0.7142 1
38 46 0.7142 1
39 47 0.7142 1
40 48 0.7142 1
41 49 0.7142 1
42 50 0.7142 1
43 51 0.7142 1
44 52 0.7142 1
45 53 0.7142 1
46 54 0.7142 1
47 55 0.7142 1
48 56 0.7142 1
49 57 0.7142 1
50 58 0.7142 1
51 59 0.7142 1
52 60 0.7142 1
53 61 0.7142 1
54 62 0.7142 1
55 63 0.7142 1
56 64 0.7142 1
57 65 0.7142 1
58 66 0.7142 1
59 67 0.7142 1
60 68 0.7142 1
61 69 0.7142 1
62 70 0.7142 1
63 71 0.7142 1
64 72 0.7142 1
65 73 0.7142 1
66 74 0.7142 1
67 75 0.7142 1
68 76 0.7142 1
69 77 0.7142 1
70 78 0.7142 1
71 79 0.7142 1
72 80 0.7142 1
73 81 0.7142 1
74 82 0.7142 1
75 83 0.7142 1
76 84 0.7142 1
77 85 0.7142 1
78 86 0.7142 1
79 87 0.7142 1
80 88 0.7142 1
81 89 0.7142 1
82 90 0.7142 1
83 91 0.7142 1
84 92 0.7142 1
85 93 0.7142 1
86 94 0.7142 1
87 95 0.7142 1
88 96 0.7142 1
89 97 0.7142 1
90 98 0.7142 1
91 99 0.7142 1
92 100 0.7142 1
93 101 0.7142 1
94 102 0.7142 1
95 103 0.7142 1
96 104 0.7142 1
97 105 0.7142 1
98 106 0.7142 1
99 107 0.7142 1
100 36 0.7142 1
101 37 0.7142 1
102 38 0.7142 1
103 39 0.7142 1
104 40 0.7142 1
105 41 0.7142 1
106 42 0.7142 1
107 43 0.7142 1
