12 20 24 4 0 4 8 12
12 20 25 4 1 5 9 13
12 21 24 4 2 6 10 14
12 21 25 4 3 7 11 15
12 20 26 4 16 20 24 28
12 20 27 4 17 21 25 29
12 21 26 4 18 22 26 30
12 21 27 4 19 23 27 31
12 20 28 4 32 36 40 44
12 20 29 4 33 37 41 45
12 21 28 4 34 38 42 46
12 21 29 4 35 39 43 47
12 20 30 4 48 52 56 60
12 20 31 4 49 53 57 61
12 21 30 4 50 54 58 62
12 21 31 4 51 55 59 63
12 20 32 4 64 68 72 76
12 20 33 4 65 69 73 77
12 21 32 4 66 70 74 78
12 21 33 4 67 71 75 79
12 20 34 4 80 84 88 92
12 20 35 4 81 85 89 93
12 21 34 4 82 86 90 94
12 21 35 4 83 87 91 95
12 24 20 4 192 196 200 204
12 24 21 4 193 197 201 205
12 25 20 4 194 198 202 206
12 25 21 4 195 199 203 207
12 26 20 4 288 292 296 300
12 26 21 4 289 293 297 301
12 27 20 4 290 294 298 302
12 27 21 4 291 295 299 303
12 28 20 4 384 388 392 396
12 28 21 4 385 389 393 397
12 29 20 4 386 390 394 398
12 29 21 4 387 391 395 399
12 30 20 4 480 484 488 492
12 30 21 4 481 485 489 493
12 31 20 4 482 486 490 494
12 31 21 4 483 487 491 495
12 32 20 4 576 580 584 588
12 32 21 4 577 581 585 589
12 33 20 4 578 582 586 590
12 33 21 4 579 583 587 591
12 34 20 4 672 676 680 684
12 34 21 4 673 677 681 685
12 35 20 4 674 678 682 686
12 35 21 4 675 679 683 687
12 20 21 0 768
12 21 20 0 769
12 20 22 2 770 774
12 20 23 2 771 775
12 21 22 2 772 776
12 21 23 2 773 777
12 22 20 2 778 782
12 22 21 2 779 783
12 23 20 2 780 784
12 23 21 2 781 785
13 22 24 4 96 100 104 108
13 22 25 4 97 101 105 109
13 23 24 4 98 102 106 110
13 23 25 4 99 103 107 111
13 22 26 4 112 116 120 124
13 22 27 4 113 117 121 125
13 23 26 4 114 118 122 126
13 23 27 4 115 119 123 127
13 22 28 4 128 132 136 140
13 22 29 4 129 133 137 141
13 23 28 4 130 134 138 142
13 23 29 4 131 135 139 143
13 22 30 4 144 148 152 156
13 22 31 4 145 149 153 157
13 23 30 4 146 150 154 158
13 23 31 4 147 151 155 159
13 22 32 4 160 164 168 172
13 22 33 4 161 165 169 173
13 23 32 4 162 166 170 174
13 23 33 4 163 167 171 175
13 22 34 4 176 180 184 188
13 22 35 4 177 181 185 189
13 23 34 4 178 182 186 190
13 23 35 4 179 183 187 191
13 24 22 4 208 212 216 220
13 24 23 4 209 213 217 221
13 25 22 4 210 214 218 222
13 25 23 4 211 215 219 223
13 26 22 4 304 308 312 316
13 26 23 4 305 309 313 317
13 27 22 4 306 310 314 318
13 27 23 4 307 311 315 319
13 28 22 4 400 404 408 412
13 28 23 4 401 405 409 413
13 29 22 4 402 406 410 414
13 29 23 4 403 407 411 415
13 30 22 4 496 500 504 508
13 30 23 4 497 501 505 509
13 31 22 4 498 502 506 510
13 31 23 4 499 503 507 511
13 32 22 4 592 596 600 604
13 32 23 4 593 597 601 605
13 33 22 4 594 598 602 606
13 33 23 4 595 599 603 607
13 34 22 4 688 692 696 700
13 34 23 4 689 693 697 701
13 35 22 4 690 694 698 702
13 35 23 4 691 695 699 703
13 20 22 2 770 774
13 20 23 2 771 775
13 21 22 2 772 776
13 21 23 2 773 777
13 22 20 2 778 782
13 22 21 2 779 783
13 23 20 2 780 784
13 23 21 2 781 785
13 22 23 0 786
13 23 22 0 787
14 20 24 4 0 4 8 12
14 20 25 4 1 5 9 13
14 21 24 4 2 6 10 14
14 21 25 4 3 7 11 15
14 22 24 4 96 100 104 108
14 22 25 4 97 101 105 109
14 23 24 4 98 102 106 110
14 23 25 4 99 103 107 111
14 24 20 4 192 196 200 204
14 24 21 4 193 197 201 205
14 25 20 4 194 198 202 206
14 25 21 4 195 199 203 207
14 24 22 4 208 212 216 220
14 24 23 4 209 213 217 221
14 25 22 4 210 214 218 222
14 25 23 4 211 215 219 223
14 24 28 4 224 228 232 236
14 24 29 4 225 229 233 237
14 25 28 4 226 230 234 238
14 25 29 4 227 231 235 239
14 24 30 4 240 244 248 252
14 24 31 4 241 245 249 253
14 25 30 4 242 246 250 254
14 25 31 4 243 247 251 255
14 24 32 4 256 260 264 268
14 24 33 4 257 261 265 269
14 25 32 4 258 262 266 270
14 25 33 4 259 263 267 271
14 24 34 4 272 276 280 284
14 24 35 4 273 277 281 285
14 25 34 4 274 278 282 286
14 25 35 4 275 279 283 287
14 28 24 4 416 420 424 428
14 28 25 4 417 421 425 429
14 29 24 4 418 422 426 430
14 29 25 4 419 423 427 431
14 30 24 4 512 516 520 524
14 30 25 4 513 517 521 525
14 31 24 4 514 518 522 526
14 31 25 4 515 519 523 527
14 32 24 4 608 612 616 620
14 32 25 4 609 613 617 621
14 33 24 4 610 614 618 622
14 33 25 4 611 615 619 623
14 34 24 4 704 708 712 716
14 34 25 4 705 709 713 717
14 35 24 4 706 710 714 718
14 35 25 4 707 711 715 719
14 24 25 0 788
14 25 24 0 789
14 24 26 2 790 794
14 24 27 2 791 795
14 25 26 2 792 796
14 25 27 2 793 797
14 26 24 2 798 802
14 26 25 2 799 803
14 27 24 2 800 804
14 27 25 2 801 805
15 20 26 4 16 20 24 28
15 20 27 4 17 21 25 29
15 21 26 4 18 22 26 30
15 21 27 4 19 23 27 31
15 22 26 4 112 116 120 124
15 22 27 4 113 117 121 125
15 23 26 4 114 118 122 126
15 23 27 4 115 119 123 127
15 26 20 4 288 292 296 300
15 26 21 4 289 293 297 301
15 27 20 4 290 294 298 302
15 27 21 4 291 295 299 303
15 26 22 4 304 308 312 316
15 26 23 4 305 309 313 317
15 27 22 4 306 310 314 318
15 27 23 4 307 311 315 319
15 26 28 4 320 324 328 332
15 26 29 4 321 325 329 333
15 27 28 4 322 326 330 334
15 27 29 4 323 327 331 335
15 26 30 4 336 340 344 348
15 26 31 4 337 341 345 349
15 27 30 4 338 342 346 350
15 27 31 4 339 343 347 351
15 26 32 4 352 356 360 364
15 26 33 4 353 357 361 365
15 27 32 4 354 358 362 366
15 27 33 4 355 359 363 367
15 26 34 4 368 372 376 380
15 26 35 4 369 373 377 381
15 27 34 4 370 374 378 382
15 27 35 4 371 375 379 383
15 28 26 4 432 436 440 444
15 28 27 4 433 437 441 445
15 29 26 4 434 438 442 446
15 29 27 4 435 439 443 447
15 30 26 4 528 532 536 540
15 30 27 4 529 533 537 541
15 31 26 4 530 534 538 542
15 31 27 4 531 535 539 543
15 32 26 4 624 628 632 636
15 32 27 4 625 629 633 637
15 33 26 4 626 630 634 638
15 33 27 4 627 631 635 639
15 34 26 4 720 724 728 732
15 34 27 4 721 725 729 733
15 35 26 4 722 726 730 734
15 35 27 4 723 727 731 735
15 24 26 2 790 794
15 24 27 2 791 795
15 25 26 2 792 796
15 25 27 2 793 797
15 26 24 2 798 802
15 26 25 2 799 803
15 27 24 2 800 804
15 27 25 2 801 805
15 26 27 0 806
15 27 26 0 807
16 20 28 4 32 36 40 44
16 20 29 4 33 37 41 45
16 21 28 4 34 38 42 46
16 21 29 4 35 39 43 47
16 22 28 4 128 132 136 140
16 22 29 4 129 133 137 141
16 23 28 4 130 134 138 142
16 23 29 4 131 135 139 143
16 24 28 4 224 228 232 236
16 24 29 4 225 229 233 237
16 25 28 4 226 230 234 238
16 25 29 4 227 231 235 239
16 26 28 4 320 324 328 332
16 26 29 4 321 325 329 333
16 27 28 4 322 326 330 334
16 27 29 4 323 327 331 335
16 28 20 4 384 388 392 396
16 28 21 4 385 389 393 397
16 29 20 4 386 390 394 398
16 29 21 4 387 391 395 399
16 28 22 4 400 404 408 412
16 28 23 4 401 405 409 413
16 29 22 4 402 406 410 414
16 29 23 4 403 407 411 415
16 28 24 4 416 420 424 428
16 28 25 4 417 421 425 429
16 29 24 4 418 422 426 430
16 29 25 4 419 423 427 431
16 28 26 4 432 436 440 444
16 28 27 4 433 437 441 445
16 29 26 4 434 438 442 446
16 29 27 4 435 439 443 447
16 28 32 4 448 452 456 460
16 28 33 4 449 453 457 461
16 29 32 4 450 454 458 462
16 29 33 4 451 455 459 463
16 28 34 4 464 468 472 476
16 28 35 4 465 469 473 477
16 29 34 4 466 470 474 478
16 29 35 4 467 471 475 479
16 32 28 4 640 644 648 652
16 32 29 4 641 645 649 653
16 33 28 4 642 646 650 654
16 33 29 4 643 647 651 655
16 34 28 4 736 740 744 748
16 34 29 4 737 741 745 749
16 35 28 4 738 742 746 750
16 35 29 4 739 743 747 751
16 28 29 0 808
16 29 28 0 809
16 28 30 2 810 814
16 28 31 2 811 815
16 29 30 2 812 816
16 29 31 2 813 817
16 30 28 2 818 822
16 30 29 2 819 823
16 31 28 2 820 824
16 31 29 2 821 825
17 20 30 4 48 52 56 60
17 20 31 4 49 53 57 61
17 21 30 4 50 54 58 62
17 21 31 4 51 55 59 63
17 22 30 4 144 148 152 156
17 22 31 4 145 149 153 157
17 23 30 4 146 150 154 158
17 23 31 4 147 151 155 159
17 24 30 4 240 244 248 252
17 24 31 4 241 245 249 253
17 25 30 4 242 246 250 254
17 25 31 4 243 247 251 255
17 26 30 4 336 340 344 348
17 26 31 4 337 341 345 349
17 27 30 4 338 342 346 350
17 27 31 4 339 343 347 351
17 30 20 4 480 484 488 492
17 30 21 4 481 485 489 493
17 31 20 4 482 486 490 494
17 31 21 4 483 487 491 495
17 30 22 4 496 500 504 508
17 30 23 4 497 501 505 509
17 31 22 4 498 502 506 510
17 31 23 4 499 503 507 511
17 30 24 4 512 516 520 524
17 30 25 4 513 517 521 525
17 31 24 4 514 518 522 526
17 31 25 4 515 519 523 527
17 30 26 4 528 532 536 540
17 30 27 4 529 533 537 541
17 31 26 4 530 534 538 542
17 31 27 4 531 535 539 543
17 30 32 4 544 548 552 556
17 30 33 4 545 549 553 557
17 31 32 4 546 550 554 558
17 31 33 4 547 551 555 559
17 30 34 4 560 564 568 572
17 30 35 4 561 565 569 573
17 31 34 4 562 566 570 574
17 31 35 4 563 567 571 575
17 32 30 4 656 660 664 668
17 32 31 4 657 661 665 669
17 33 30 4 658 662 666 670
17 33 31 4 659 663 667 671
17 34 30 4 752 756 760 764
17 34 31 4 753 757 761 765
17 35 30 4 754 758 762 766
17 35 31 4 755 759 763 767
17 28 30 2 810 814
17 28 31 2 811 815
17 29 30 2 812 816
17 29 31 2 813 817
17 30 28 2 818 822
17 30 29 2 819 823
17 31 28 2 820 824
17 31 29 2 821 825
17 30 31 0 826
17 31 30 0 827
18 20 32 4 64 68 72 76
18 20 33 4 65 69 73 77
18 21 32 4 66 70 74 78
18 21 33 4 67 71 75 79
18 22 32 4 160 164 168 172
18 22 33 4 161 165 169 173
18 23 32 4 162 166 170 174
18 23 33 4 163 167 171 175
18 24 32 4 256 260 264 268
18 24 33 4 257 261 265 269
18 25 32 4 258 262 266 270
18 25 33 4 259 263 267 271
18 26 32 4 352 356 360 364
18 26 33 4 353 357 361 365
18 27 32 4 354 358 362 366
18 27 33 4 355 359 363 367
18 28 32 4 448 452 456 460
18 28 33 4 449 453 457 461
18 29 32 4 450 454 458 462
18 29 33 4 451 455 459 463
18 30 32 4 544 548 552 556
18 30 33 4 545 549 553 557
18 31 32 4 546 550 554 558
18 31 33 4 547 551 555 559
18 32 20 4 576 580 584 588
18 32 21 4 577 581 585 589
18 33 20 4 578 582 586 590
18 33 21 4 579 583 587 591
18 32 22 4 592 596 600 604
18 32 23 4 593 597 601 605
18 33 22 4 594 598 602 606
18 33 23 4 595 599 603 607
18 32 24 4 608 612 616 620
18 32 25 4 609 613 617 621
18 33 24 4 610 614 618 622
18 33 25 4 611 615 619 623
18 32 26 4 624 628 632 636
18 32 27 4 625 629 633 637
18 33 26 4 626 630 634 638
18 33 27 4 627 631 635 639
18 32 28 4 640 644 648 652
18 32 29 4 641 645 649 653
18 33 28 4 642 646 650 654
18 33 29 4 643 647 651 655
18 32 30 4 656 660 664 668
18 32 31 4 657 661 665 669
18 33 30 4 658 662 666 670
18 33 31 4 659 663 667 671
18 32 33 0 828
18 33 32 0 829
18 32 34 2 830 834
18 32 35 2 831 835
18 33 34 2 832 836
18 33 35 2 833 837
18 34 32 2 838 842
18 34 33 2 839 843
18 35 32 2 840 844
18 35 33 2 841 845
19 20 34 4 80 84 88 92
19 20 35 4 81 85 89 93
19 21 34 4 82 86 90 94
19 21 35 4 83 87 91 95
19 22 34 4 176 180 184 188
19 22 35 4 177 181 185 189
19 23 34 4 178 182 186 190
19 23 35 4 179 183 187 191
19 24 34 4 272 276 280 284
19 24 35 4 273 277 281 285
19 25 34 4 274 278 282 286
19 25 35 4 275 279 283 287
19 26 34 4 368 372 376 380
19 26 35 4 369 373 377 381
19 27 34 4 370 374 378 382
19 27 35 4 371 375 379 383
19 28 34 4 464 468 472 476
19 28 35 4 465 469 473 477
19 29 34 4 466 470 474 478
19 29 35 4 467 471 475 479
19 30 34 4 560 564 568 572
19 30 35 4 561 565 569 573
19 31 34 4 562 566 570 574
19 31 35 4 563 567 571 575
19 34 20 4 672 676 680 684
19 34 21 4 673 677 681 685
19 35 20 4 674 678 682 686
19 35 21 4 675 679 683 687
19 34 22 4 688 692 696 700
19 34 23 4 689 693 697 701
19 35 22 4 690 694 698 702
19 35 23 4 691 695 699 703
19 34 24 4 704 708 712 716
19 34 25 4 705 709 713 717
19 35 24 4 706 710 714 718
19 35 25 4 707 711 715 719
19 34 26 4 720 724 728 732
19 34 27 4 721 725 729 733
19 35 26 4 722 726 730 734
19 35 27 4 723 727 731 735
19 34 28 4 736 740 744 748
19 34 29 4 737 741 745 749
19 35 28 4 738 742 746 750
19 35 29 4 739 743 747 751
19 34 30 4 752 756 760 764
19 34 31 4 753 757 761 765
19 35 30 4 754 758 762 766
19 35 31 4 755 759 763 767
19 32 34 2 830 834
19 32 35 2 831 835
19 33 34 2 832 836
19 33 35 2 833 837
19 34 32 2 838 842
19 34 33 2 839 843
19 35 32 2 840 844
19 35 33 2 841 845
19 34 35 0 846
19 35 34 0 847
20 20 24 4 0 4 8 12
20 20 25 4 1 5 9 13
20 20 26 4 16 20 24 28
20 20 27 4 17 21 25 29
20 20 28 4 32 36 40 44
20 20 29 4 33 37 41 45
20 20 30 4 48 52 56 60
20 20 31 4 49 53 57 61
20 20 32 4 64 68 72 76
20 20 33 4 65 69 73 77
20 20 34 4 80 84 88 92
20 20 35 4 81 85 89 93
20 24 20 4 192 196 200 204
20 25 20 4 194 198 202 206
20 26 20 4 288 292 296 300
20 27 20 4 290 294 298 302
20 28 20 4 384 388 392 396
20 29 20 4 386 390 394 398
20 30 20 4 480 484 488 492
20 31 20 4 482 486 490 494
20 32 20 4 576 580 584 588
20 33 20 4 578 582 586 590
20 34 20 4 672 676 680 684
20 35 20 4 674 678 682 686
20 20 21 0 768
20 21 20 0 769
20 20 22 2 770 774
20 20 23 2 771 775
20 22 20 2 778 782
20 23 20 2 780 784
21 21 24 4 2 6 10 14
21 21 25 4 3 7 11 15
21 21 26 4 18 22 26 30
21 21 27 4 19 23 27 31
21 21 28 4 34 38 42 46
21 21 29 4 35 39 43 47
21 21 30 4 50 54 58 62
21 21 31 4 51 55 59 63
21 21 32 4 66 70 74 78
21 21 33 4 67 71 75 79
21 21 34 4 82 86 90 94
21 21 35 4 83 87 91 95
21 24 21 4 193 197 201 205
21 25 21 4 195 199 203 207
21 26 21 4 289 293 297 301
21 27 21 4 291 295 299 303
21 28 21 4 385 389 393 397
21 29 21 4 387 391 395 399
21 30 21 4 481 485 489 493
21 31 21 4 483 487 491 495
21 32 21 4 577 581 585 589
21 33 21 4 579 583 587 591
21 34 21 4 673 677 681 685
21 35 21 4 675 679 683 687
21 20 21 0 768
21 21 20 0 769
21 21 22 2 772 776
21 21 23 2 773 777
21 22 21 2 779 783
21 23 21 2 781 785
22 22 24 4 96 100 104 108
22 22 25 4 97 101 105 109
22 22 26 4 112 116 120 124
22 22 27 4 113 117 121 125
22 22 28 4 128 132 136 140
22 22 29 4 129 133 137 141
22 22 30 4 144 148 152 156
22 22 31 4 145 149 153 157
22 22 32 4 160 164 168 172
22 22 33 4 161 165 169 173
22 22 34 4 176 180 184 188
22 22 35 4 177 181 185 189
22 24 22 4 208 212 216 220
22 25 22 4 210 214 218 222
22 26 22 4 304 308 312 316
22 27 22 4 306 310 314 318
22 28 22 4 400 404 408 412
22 29 22 4 402 406 410 414
22 30 22 4 496 500 504 508
22 31 22 4 498 502 506 510
22 32 22 4 592 596 600 604
22 33 22 4 594 598 602 606
22 34 22 4 688 692 696 700
22 35 22 4 690 694 698 702
22 20 22 2 770 774
22 21 22 2 772 776
22 22 20 2 778 782
22 22 21 2 779 783
22 22 23 0 786
22 23 22 0 787
23 23 24 4 98 102 106 110
23 23 25 4 99 103 107 111
23 23 26 4 114 118 122 126
23 23 27 4 115 119 123 127
23 23 28 4 130 134 138 142
23 23 29 4 131 135 139 143
23 23 30 4 146 150 154 158
23 23 31 4 147 151 155 159
23 23 32 4 162 166 170 174
23 23 33 4 163 167 171 175
23 23 34 4 178 182 186 190
23 23 35 4 179 183 187 191
23 24 23 4 209 213 217 221
23 25 23 4 211 215 219 223
23 26 23 4 305 309 313 317
23 27 23 4 307 311 315 319
23 28 23 4 401 405 409 413
23 29 23 4 403 407 411 415
23 30 23 4 497 501 505 509
23 31 23 4 499 503 507 511
23 32 23 4 593 597 601 605
23 33 23 4 595 599 603 607
23 34 23 4 689 693 697 701
23 35 23 4 691 695 699 703
23 20 23 2 771 775
23 21 23 2 773 777
23 23 20 2 780 784
23 23 21 2 781 785
23 22 23 0 786
23 23 22 0 787
24 20 24 4 0 4 8 12
24 21 24 4 2 6 10 14
24 22 24 4 96 100 104 108
24 23 24 4 98 102 106 110
24 24 20 4 192 196 200 204
24 24 21 4 193 197 201 205
24 24 22 4 208 212 216 220
24 24 23 4 209 213 217 221
24 24 28 4 224 228 232 236
24 24 29 4 225 229 233 237
24 24 30 4 240 244 248 252
24 24 31 4 241 245 249 253
24 24 32 4 256 260 264 268
24 24 33 4 257 261 265 269
24 24 34 4 272 276 280 284
24 24 35 4 273 277 281 285
24 28 24 4 416 420 424 428
24 29 24 4 418 422 426 430
24 30 24 4 512 516 520 524
24 31 24 4 514 518 522 526
24 32 24 4 608 612 616 620
24 33 24 4 610 614 618 622
24 34 24 4 704 708 712 716
24 35 24 4 706 710 714 718
24 24 25 0 788
24 25 24 0 789
24 24 26 2 790 794
24 24 27 2 791 795
24 26 24 2 798 802
24 27 24 2 800 804
25 20 25 4 1 5 9 13
25 21 25 4 3 7 11 15
25 22 25 4 97 101 105 109
25 23 25 4 99 103 107 111
25 25 20 4 194 198 202 206
25 25 21 4 195 199 203 207
25 25 22 4 210 214 218 222
25 25 23 4 211 215 219 223
25 25 28 4 226 230 234 238
25 25 29 4 227 231 235 239
25 25 30 4 242 246 250 254
25 25 31 4 243 247 251 255
25 25 32 4 258 262 266 270
25 25 33 4 259 263 267 271
25 25 34 4 274 278 282 286
25 25 35 4 275 279 283 287
25 28 25 4 417 421 425 429
25 29 25 4 419 423 427 431
25 30 25 4 513 517 521 525
25 31 25 4 515 519 523 527
25 32 25 4 609 613 617 621
25 33 25 4 611 615 619 623
25 34 25 4 705 709 713 717
25 35 25 4 707 711 715 719
25 24 25 0 788
25 25 24 0 789
25 25 26 2 792 796
25 25 27 2 793 797
25 26 25 2 799 803
25 27 25 2 801 805
26 20 26 4 16 20 24 28
26 21 26 4 18 22 26 30
26 22 26 4 112 116 120 124
26 23 26 4 114 118 122 126
26 26 20 4 288 292 296 300
26 26 21 4 289 293 297 301
26 26 22 4 304 308 312 316
26 26 23 4 305 309 313 317
26 26 28 4 320 324 328 332
26 26 29 4 321 325 329 333
26 26 30 4 336 340 344 348
26 26 31 4 337 341 345 349
26 26 32 4 352 356 360 364
26 26 33 4 353 357 361 365
26 26 34 4 368 372 376 380
26 26 35 4 369 373 377 381
26 28 26 4 432 436 440 444
26 29 26 4 434 438 442 446
26 30 26 4 528 532 536 540
26 31 26 4 530 534 538 542
26 32 26 4 624 628 632 636
26 33 26 4 626 630 634 638
26 34 26 4 720 724 728 732
26 35 26 4 722 726 730 734
26 24 26 2 790 794
26 25 26 2 792 796
26 26 24 2 798 802
26 26 25 2 799 803
26 26 27 0 806
26 27 26 0 807
27 20 27 4 17 21 25 29
27 21 27 4 19 23 27 31
27 22 27 4 113 117 121 125
27 23 27 4 115 119 123 127
27 27 20 4 290 294 298 302
27 27 21 4 291 295 299 303
27 27 22 4 306 310 314 318
27 27 23 4 307 311 315 319
27 27 28 4 322 326 330 334
27 27 29 4 323 327 331 335
27 27 30 4 338 342 346 350
27 27 31 4 339 343 347 351
27 27 32 4 354 358 362 366
27 27 33 4 355 359 363 367
27 27 34 4 370 374 378 382
27 27 35 4 371 375 379 383
27 28 27 4 433 437 441 445
27 29 27 4 435 439 443 447
27 30 27 4 529 533 537 541
27 31 27 4 531 535 539 543
27 32 27 4 625 629 633 637
27 33 27 4 627 631 635 639
27 34 27 4 721 725 729 733
27 35 27 4 723 727 731 735
27 24 27 2 791 795
27 25 27 2 793 797
27 27 24 2 800 804
27 27 25 2 801 805
27 26 27 0 806
27 27 26 0 807
28 20 28 4 32 36 40 44
28 21 28 4 34 38 42 46
28 22 28 4 128 132 136 140
28 23 28 4 130 134 138 142
28 24 28 4 224 228 232 236
28 25 28 4 226 230 234 238
28 26 28 4 320 324 328 332
28 27 28 4 322 326 330 334
28 28 20 4 384 388 392 396
28 28 21 4 385 389 393 397
28 28 22 4 400 404 408 412
28 28 23 4 401 405 409 413
28 28 24 4 416 420 424 428
28 28 25 4 417 421 425 429
28 28 26 4 432 436 440 444
28 28 27 4 433 437 441 445
28 28 32 4 448 452 456 460
28 28 33 4 449 453 457 461
28 28 34 4 464 468 472 476
28 28 35 4 465 469 473 477
28 32 28 4 640 644 648 652
28 33 28 4 642 646 650 654
28 34 28 4 736 740 744 748
28 35 28 4 738 742 746 750
28 28 29 0 808
28 29 28 0 809
28 28 30 2 810 814
28 28 31 2 811 815
28 30 28 2 818 822
28 31 28 2 820 824
29 20 29 4 33 37 41 45
29 21 29 4 35 39 43 47
29 22 29 4 129 133 137 141
29 23 29 4 131 135 139 143
29 24 29 4 225 229 233 237
29 25 29 4 227 231 235 239
29 26 29 4 321 325 329 333
29 27 29 4 323 327 331 335
29 29 20 4 386 390 394 398
29 29 21 4 387 391 395 399
29 29 22 4 402 406 410 414
29 29 23 4 403 407 411 415
29 29 24 4 418 422 426 430
29 29 25 4 419 423 427 431
29 29 26 4 434 438 442 446
29 29 27 4 435 439 443 447
29 29 32 4 450 454 458 462
29 29 33 4 451 455 459 463
29 29 34 4 466 470 474 478
29 29 35 4 467 471 475 479
29 32 29 4 641 645 649 653
29 33 29 4 643 647 651 655
29 34 29 4 737 741 745 749
29 35 29 4 739 743 747 751
29 28 29 0 808
29 29 28 0 809
29 29 30 2 812 816
29 29 31 2 813 817
29 30 29 2 819 823
29 31 29 2 821 825
30 20 30 4 48 52 56 60
30 21 30 4 50 54 58 62
30 22 30 4 144 148 152 156
30 23 30 4 146 150 154 158
30 24 30 4 240 244 248 252
30 25 30 4 242 246 250 254
30 26 30 4 336 340 344 348
30 27 30 4 338 342 346 350
30 30 20 4 480 484 488 492
30 30 21 4 481 485 489 493
30 30 22 4 496 500 504 508
30 30 23 4 497 501 505 509
30 30 24 4 512 516 520 524
30 30 25 4 513 517 521 525
30 30 26 4 528 532 536 540
30 30 27 4 529 533 537 541
30 30 32 4 544 548 552 556
30 30 33 4 545 549 553 557
30 30 34 4 560 564 568 572
30 30 35 4 561 565 569 573
30 32 30 4 656 660 664 668
30 33 30 4 658 662 666 670
30 34 30 4 752 756 760 764
30 35 30 4 754 758 762 766
30 28 30 2 810 814
30 29 30 2 812 816
30 30 28 2 818 822
30 30 29 2 819 823
30 30 31 0 826
30 31 30 0 827
31 20 31 4 49 53 57 61
31 21 31 4 51 55 59 63
31 22 31 4 145 149 153 157
31 23 31 4 147 151 155 159
31 24 31 4 241 245 249 253
31 25 31 4 243 247 251 255
31 26 31 4 337 341 345 349
31 27 31 4 339 343 347 351
31 31 20 4 482 486 490 494
31 31 21 4 483 487 491 495
31 31 22 4 498 502 506 510
31 31 23 4 499 503 507 511
31 31 24 4 514 518 522 526
31 31 25 4 515 519 523 527
31 31 26 4 530 534 538 542
31 31 27 4 531 535 539 543
31 31 32 4 546 550 554 558
31 31 33 4 547 551 555 559
31 31 34 4 562 566 570 574
31 31 35 4 563 567 571 575
31 32 31 4 657 661 665 669
31 33 31 4 659 663 667 671
31 34 31 4 753 757 761 765
31 35 31 4 755 759 763 767
31 28 31 2 811 815
31 29 31 2 813 817
31 31 28 2 820 824
31 31 29 2 821 825
31 30 31 0 826
31 31 30 0 827
32 20 32 4 64 68 72 76
32 21 32 4 66 70 74 78
32 22 32 4 160 164 168 172
32 23 32 4 162 166 170 174
32 24 32 4 256 260 264 268
32 25 32 4 258 262 266 270
32 26 32 4 352 356 360 364
32 27 32 4 354 358 362 366
32 28 32 4 448 452 456 460
32 29 32 4 450 454 458 462
32 30 32 4 544 548 552 556
32 31 32 4 546 550 554 558
32 32 20 4 576 580 584 588
32 32 21 4 577 581 585 589
32 32 22 4 592 596 600 604
32 32 23 4 593 597 601 605
32 32 24 4 608 612 616 620
32 32 25 4 609 613 617 621
32 32 26 4 624 628 632 636
32 32 27 4 625 629 633 637
32 32 28 4 640 644 648 652
32 32 29 4 641 645 649 653
32 32 30 4 656 660 664 668
32 32 31 4 657 661 665 669
32 32 33 0 828
32 33 32 0 829
32 32 34 2 830 834
32 32 35 2 831 835
32 34 32 2 838 842
32 35 32 2 840 844
33 20 33 4 65 69 73 77
33 21 33 4 67 71 75 79
33 22 33 4 161 165 169 173
33 23 33 4 163 167 171 175
33 24 33 4 257 261 265 269
33 25 33 4 259 263 267 271
33 26 33 4 353 357 361 365
33 27 33 4 355 359 363 367
33 28 33 4 449 453 457 461
33 29 33 4 451 455 459 463
33 30 33 4 545 549 553 557
33 31 33 4 547 551 555 559
33 33 20 4 578 582 586 590
33 33 21 4 579 583 587 591
33 33 22 4 594 598 602 606
33 33 23 4 595 599 603 607
33 33 24 4 610 614 618 622
33 33 25 4 611 615 619 623
33 33 26 4 626 630 634 638
33 33 27 4 627 631 635 639
33 33 28 4 642 646 650 654
33 33 29 4 643 647 651 655
33 33 30 4 658 662 666 670
33 33 31 4 659 663 667 671
33 32 33 0 828
33 33 32 0 829
33 33 34 2 832 836
33 33 35 2 833 837
33 34 33 2 839 843
33 35 33 2 841 845
34 20 34 4 80 84 88 92
34 21 34 4 82 86 90 94
34 22 34 4 176 180 184 188
34 23 34 4 178 182 186 190
34 24 34 4 272 276 280 284
34 25 34 4 274 278 282 286
34 26 34 4 368 372 376 380
34 27 34 4 370 374 378 382
34 28 34 4 464 468 472 476
34 29 34 4 466 470 474 478
34 30 34 4 560 564 568 572
34 31 34 4 562 566 570 574
34 34 20 4 672 676 680 684
34 34 21 4 673 677 681 685
34 34 22 4 688 692 696 700
34 34 23 4 689 693 697 701
34 34 24 4 704 708 712 716
34 34 25 4 705 709 713 717
34 34 26 4 720 724 728 732
34 34 27 4 721 725 729 733
34 34 28 4 736 740 744 748
34 34 29 4 737 741 745 749
34 34 30 4 752 756 760 764
34 34 31 4 753 757 761 765
34 32 34 2 830 834
34 33 34 2 832 836
34 34 32 2 838 842
34 34 33 2 839 843
34 34 35 0 846
34 35 34 0 847
35 20 35 4 81 85 89 93
35 21 35 4 83 87 91 95
35 22 35 4 177 181 185 189
35 23 35 4 179 183 187 191
35 24 35 4 273 277 281 285
35 25 35 4 275 279 283 287
35 26 35 4 369 373 377 381
35 27 35 4 371 375 379 383
35 28 35 4 465 469 473 477
35 29 35 4 467 471 475 479
35 30 35 4 561 565 569 573
35 31 35 4 563 567 571 575
35 35 20 4 674 678 682 686
35 35 21 4 675 679 683 687
35 35 22 4 690 694 698 702
35 35 23 4 691 695 699 703
35 35 24 4 706 710 714 718
35 35 25 4 707 711 715 719
35 35 26 4 722 726 730 734
35 35 27 4 723 727 731 735
35 35 28 4 738 742 746 750
35 35 29 4 739 743 747 751
35 35 30 4 754 758 762 766
35 35 31 4 755 759 763 767
35 32 35 2 831 835
35 33 35 2 833 837
35 35 32 2 840 844
35 35 33 2 841 845
35 34 35 0 846
35 35 34 0 847
