80 88 1 200
81 89 1 200
82 90 1 200
83 91 1 200
84 92 1 200
85 93 1 200
86 94 1 200
87 95 1 200
88 96 1 200
89 97 1 200
90 98 1 200
91 99 1 200
92 100 1 200
93 101 1 200
94 102 1 200
95 103 1 200
96 104 1 200
97 105 1 200
98 106 1 200
99 107 1 200
100 108 1 200
101 109 1 200
102 110 1 200
103 111 1 200
104 112 1 200
105 113 1 200
106 114 1 200
107 115 1 200
108 116 1 200
109 117 1 200
110 118 1 200
111 119 1 200
112 120 1 200
113 121 1 200
114 122 1 200
115 123 1 200
116 124 1 200
117 125 1 200
118 126 1 200
119 127 1 200
120 128 1 200
121 129 1 200
122 130 1 200
123 131 1 200
124 132 1 200
125 133 1 200
126 134 1 200
127 135 1 200
128 136 1 200
129 137 1 200
130 138 1 200
131 139 1 200
132 140 1 200
133 141 1 200
134 142 1 200
135 143 1 200
136 80 1 200
137 81 1 200
138 82 1 200
139 83 1 200
140 84 1 200
141 85 1 200
142 86 1 200
143 87 1 200
