FlowId 1 [25000, 155037, 5911] [12500, 160948, 23734] [6250, 184682, 0] 
FlowId 2 [12500, 1028527, 47601] [6250, 1076128, 115259] [3125, 1191387, 267590] [1562, 1458977, 267491] [781, 1726468, 220589] [390, 1947057, 189334] [195, 2136391, 207205] [97, 2343596, 101581] [48, 2445177, 120224] [24, 2565401, 121854] [12, 2687255, 1480250] 
FlowId 3 [25000, 639189, 4017] [12500, 643206, 17396] [6250, 660602, 42576] [3125, 703178, 127405] [1562, 830583, 236349] [781, 1066932, 145363] [390, 1212295, 180562] [195, 1392857, 389488] [97, 1782345, 0] 
FlowId 4 [25000, 792467, 25671] [12500, 818138, 0] 
FlowId 5 [25000, 587080, 0] 
FlowId 6 [25000, 577800, 2510] [12500, 580310, 27212] [6250, 607522, 0] 
FlowId 7 [25000, 360530, 2956] [12500, 363486, 19052] [6250, 382538, 0] 
FlowId 8 [25000, 956886, 6672] [12500, 963558, 0] 
FlowId 9 [12500, 691162, 23572] [6250, 714734, 70100] [3125, 784834, 173657] [1562, 958491, 262971] [781, 1221462, 242191] [390, 1463653, 406409] [195, 1870062, 0] 
FlowId 10 [12500, 869843, 27172] [6250, 897015, 0] 
FlowId 11 [25000, 718235, 85498] [12500, 803733, 0] 
FlowId 12 [12500, 485764, 0] 
FlowId 13 [12500, 507467, 39006] [6250, 546473, 100762] [3125, 647235, 176730] [1562, 823965, 246221] [781, 1070186, 0] 
FlowId 14 [25000, 49469, 4238] [12500, 53707, 18324] [6250, 72031, 45941] [3125, 117972, 76396] [1562, 194368, 105057] [781, 299425, 126498] [390, 425923, 139426] [195, 565349, 177434] [97, 742783, 210962] [48, 953745, 0] 
FlowId 15 [12500, 956805, 0] 
FlowId 16 [12500, 330809, 23012] [6250, 353821, 55748] [3125, 409569, 0] 
FlowId 17 [12500, 710562, 28543] [6250, 739105, 41944] [3125, 781049, 0] 
FlowId 18 [12500, 736463, 125051] [6250, 861514, 0] 
FlowId 19 [25000, 36715, 10630] [12500, 47345, 0] 
FlowId 20 [25000, 374619, 3962] [12500, 378581, 20012] [6250, 398593, 59542] [3125, 458135, 0] 
FlowId 21 [25000, 807995, 16852] [12500, 824847, 67122] [6250, 891969, 0] 
FlowId 22 [12500, 867714, 43762] [6250, 911476, 0] 
FlowId 23 [25000, 45235, 2714] [12500, 47949, 17771] [6250, 65720, 45423] [3125, 111143, 52222] [1562, 163365, 57656] [781, 221021, 118666] [390, 339687, 0] 
FlowId 24 [25000, 660923, 0] 
FlowId 25 [25000, 840828, 4148] [12500, 844976, 30248] [6250, 875224, 0] 
FlowId 26 [12500, 64227, 18459] [6250, 82686, 46268] [3125, 128954, 110397] [1562, 239351, 0] 
FlowId 27 [12500, 454685, 20571] [6250, 475256, 0] 
FlowId 28 [12500, 878718, 0] 
FlowId 29 [25000, 471518, 0] 
FlowId 30 [25000, 643061, 6574] [12500, 649635, 0] 
FlowId 31 [25000, 333629, 3002] [12500, 336631, 49360] [6250, 385991, 0] 
FlowId 32 [25000, 140838, 3855] [12500, 144693, 19065] [6250, 163758, 0] 
FlowId 33 [25000, 65189, 3380] [12500, 68569, 17945] [6250, 86514, 0] 
FlowId 34 [25000, 302776, 13210] [12500, 315986, 0] 
FlowId 36 [25000, 303436, 4864] [12500, 308300, 17801] [6250, 326101, 51358] [3125, 377459, 0] 
FlowId 37 [12500, 448013, 22355] [6250, 470368, 57469] [3125, 527837, 98647] [1562, 626484, 101089] [781, 727573, 0] 
FlowId 38 [25000, 165582, 3340] [12500, 168922, 17476] [6250, 186398, 48610] [3125, 235008, 0] 
FlowId 39 [12500, 563762, 0] 
FlowId 40 [25000, 538401, 4563] [12500, 542964, 23677] [6250, 566641, 0] 
FlowId 41 [25000, 178042, 4848] [12500, 182890, 30604] [6250, 213494, 0] 
FlowId 42 [12500, 261430, 81632] [6250, 343062, 148785] [3125, 491847, 176375] [1562, 668222, 233380] [781, 901602, 255199] [390, 1156801, 286796] [195, 1443597, 0] 
FlowId 43 [25000, 129372, 172] [12500, 129544, 0] 
FlowId 44 [25000, 929625, 8664] [12500, 938289, 17662] [6250, 955951, 54560] [3125, 1010511, 0] 
FlowId 45 [25000, 319081, 2333] [12500, 321414, 19214] [6250, 340628, 0] 
FlowId 46 [25000, 327928, 2427] [12500, 330355, 19737] [6250, 350092, 0] 
FlowId 47 [12500, 461321, 18202] [6250, 479523, 44954] [3125, 524477, 135093] [1562, 659570, 0] 
FlowId 48 [12500, 494135, 30608] [6250, 524743, 0] 
FlowId 49 [12500, 545070, 41457] [6250, 586527, 96561] [3125, 683088, 116054] [1562, 799142, 183769] [781, 982911, 309598] [390, 1292509, 276941] [195, 1569450, 0] 
FlowId 50 [25000, 512824, 3782] [12500, 516606, 17484] [6250, 534090, 42169] [3125, 576259, 100557] [1562, 676816, 101356] [781, 778172, 172227] [390, 950399, 319124] [195, 1269523, 330261] [97, 1599784, 304843] [48, 1904627, 0] 
FlowId 51 [12500, 161093, 17885] [6250, 178978, 46848] [3125, 225826, 120990] [1562, 346816, 143379] [781, 490195, 184801] [390, 674996, 198145] [195, 873141, 280345] [97, 1153486, 263117] [48, 1416603, 257811] [24, 1674414, 0] 
FlowId 52 [25000, 154268, 4125] [12500, 158393, 17593] [6250, 175986, 45278] [3125, 221264, 144481] [1562, 365745, 175499] [781, 541244, 156540] [390, 697784, 0] 
FlowId 53 [12500, 675951, 55419] [6250, 731370, 0] 
FlowId 54 [12500, 417350, 0] 
FlowId 55 [12500, 459062, 44278] [6250, 503340, 0] 
FlowId 56 [25000, 719060, 50629] [12500, 769689, 0] 
FlowId 57 [25000, 392772, 0] 
FlowId 58 [25000, 857244, 4478] [12500, 861722, 17595] [6250, 879317, 43636] [3125, 922953, 136466] [1562, 1059419, 204724] [781, 1264143, 220346] [390, 1484489, 260656] [195, 1745145, 217324] [97, 1962469, 328701] [48, 2291170, 110071] [24, 2401241, 0] 
FlowId 59 [25000, 69530, 8145] [12500, 77675, 17778] [6250, 95453, 0] 
FlowId 60 [12500, 894727, 22059] [6250, 916786, 28415] [3125, 945201, 108449] [1562, 1053650, 301387] [781, 1355037, 0] 
FlowId 61 [25000, 941597, 3464] [12500, 945061, 80794] [6250, 1025855, 0] 
FlowId 62 [25000, 878150, 4153] [12500, 882303, 17622] [6250, 899925, 51774] [3125, 951699, 153152] [1562, 1104851, 367327] [781, 1472178, 0] 
FlowId 63 [12500, 905407, 36131] [6250, 941538, 68996] [3125, 1010534, 234234] [1562, 1244768, 378943] [781, 1623711, 429065] [390, 2052776, 358227] [195, 2411003, 230270] [97, 2641273, 71860] [48, 2713133, 159641] [24, 2872774, 168776] [12, 3041550, 321932] 
FlowId 64 [25000, 748570, 2832] [12500, 751402, 18708] [6250, 770110, 62132] [3125, 832242, 0] 
FlowId 65 [12500, 355007, 18009] [6250, 373016, 0] 
FlowId 66 [25000, 59758, 4738] [12500, 64496, 18305] [6250, 82801, 41736] [3125, 124537, 0] 
FlowId 67 [25000, 775334, 3415] [12500, 778749, 21518] [6250, 800267, 52492] [3125, 852759, 171740] [1562, 1024499, 0] 
FlowId 68 [12500, 579462, 0] 
FlowId 69 [25000, 901369, 5062] [12500, 906431, 17604] [6250, 924035, 37904] [3125, 961939, 118279] [1562, 1080218, 0] 
FlowId 70 [25000, 267709, 8572] [12500, 276281, 17639] [6250, 293920, 33633] [3125, 327553, 93570] [1562, 421123, 189023] [781, 610146, 0] 
FlowId 71 [12500, 992663, 44044] [6250, 1036707, 120827] [3125, 1157534, 301007] [1562, 1458541, 224818] [781, 1683359, 0] 
FlowId 72 [25000, 258481, 8736] [12500, 267217, 18206] [6250, 285423, 0] 
FlowId 73 [25000, 704531, 4437] [12500, 708968, 17998] [6250, 726966, 39234] [3125, 766200, 122321] [1562, 888521, 343638] [781, 1232159, 408982] [390, 1641141, 0] 
FlowId 74 [12500, 963501, 72576] [6250, 1036077, 0] 
FlowId 75 [12500, 968563, 18133] [6250, 986696, 20695] [3125, 1007391, 91260] [1562, 1098651, 207704] [781, 1306355, 318142] [390, 1624497, 0] 
FlowId 76 [25000, 626478, 1656] [12500, 628134, 18048] [6250, 646182, 48209] [3125, 694391, 142530] [1562, 836921, 249406] [781, 1086327, 176748] [390, 1263075, 167196] [195, 1430271, 187674] [97, 1617945, 0] 
FlowId 77 [25000, 37019, 4471] [12500, 41490, 17506] [6250, 58996, 41449] [3125, 100445, 92733] [1562, 193178, 104226] [781, 297404, 122162] [390, 419566, 108119] [195, 527685, 190938] [97, 718623, 0] 
FlowId 78 [25000, 410181, 2335] [12500, 412516, 17637] [6250, 430153, 44536] [3125, 474689, 111450] [1562, 586139, 180690] [781, 766829, 297860] [390, 1064689, 253320] [195, 1318009, 206716] [97, 1524725, 306555] [48, 1831280, 0] 
FlowId 79 [25000, 63596, 9899] [12500, 73495, 0] 
FlowId 80 [12500, 479081, 0] 
FlowId 81 [12500, 963306, 22334] [6250, 985640, 72513] [3125, 1058153, 0] 
FlowId 82 [12500, 894283, 0] 
FlowId 83 [25000, 359909, 50266] [12500, 410175, 0] 
FlowId 84 [12500, 730905, 0] 
FlowId 85 [12500, 677526, 59147] [6250, 736673, 144945] [3125, 881618, 297367] [1562, 1178985, 301468] [781, 1480453, 421075] [390, 1901528, 401077] [195, 2302605, 312226] [97, 2614831, 0] 
FlowId 86 [25000, 957853, 2468] [12500, 960321, 18476] [6250, 978797, 37155] [3125, 1015952, 116659] [1562, 1132611, 354058] [781, 1486669, 289062] [390, 1775731, 435831] [195, 2211562, 0] 
FlowId 87 [12500, 847393, 52542] [6250, 899935, 160207] [3125, 1060142, 477231] [1562, 1537373, 0] 
FlowId 88 [25000, 49356, 8888] [12500, 58244, 0] 
FlowId 89 [12500, 338336, 19868] [6250, 358204, 17701] [3125, 375905, 84946] [1562, 460851, 0] 
FlowId 90 [25000, 87961, 3748] [12500, 91709, 17540] [6250, 109249, 43544] [3125, 152793, 103748] [1562, 256541, 111271] [781, 367812, 154069] [390, 521881, 290972] [195, 812853, 290790] [97, 1103643, 347350] [48, 1450993, 371563] [24, 1822556, 321457] [12, 2144013, 1503329] 
FlowId 91 [12500, 927508, 30917] [6250, 958425, 0] 
FlowId 92 [25000, 73251, 3412] [12500, 76663, 17850] [6250, 94513, 44607] [3125, 139120, 0] 
FlowId 93 [12500, 128515, 41250] [6250, 169765, 95025] [3125, 264790, 140830] [1562, 405620, 205712] [781, 611332, 260059] [390, 871391, 0] 
FlowId 94 [25000, 170398, 4207] [12500, 174605, 17588] [6250, 192193, 47018] [3125, 239211, 0] 
FlowId 95 [12500, 233805, 0] 
FlowId 96 [25000, 127836, 4253] [12500, 132089, 0] 
FlowId 97 [12500, 865274, 39767] [6250, 905041, 0] 
FlowId 98 [12500, 931613, 30647] [6250, 962260, 86541] [3125, 1048801, 243136] [1562, 1291937, 228990] [781, 1520927, 402934] [390, 1923861, 0] 
FlowId 99 [25000, 397266, 3740] [12500, 401006, 17628] [6250, 418634, 50011] [3125, 468645, 118255] [1562, 586900, 0] 
FlowId 100 [12500, 82021, 19152] [6250, 101173, 42863] [3125, 144036, 92595] [1562, 236631, 40092] [781, 276723, 51082] [390, 327805, 0] 
FlowId 101 [25000, 291090, 6572] [12500, 297662, 25255] [6250, 322917, 0] 
FlowId 102 [25000, 831372, 3019] [12500, 834391, 19768] [6250, 854159, 45602] [3125, 899761, 131430] [1562, 1031191, 0] 
FlowId 103 [25000, 13014, 4451] [12500, 17465, 0] 
FlowId 104 [25000, 291434, 3244] [12500, 294678, 46147] [6250, 340825, 0] 
FlowId 105 [12500, 625397, 63425] [6250, 688822, 0] 
FlowId 106 [12500, 757214, 49908] [6250, 807122, 0] 
FlowId 107 [25000, 936955, 4048] [12500, 941003, 17972] [6250, 958975, 39512] [3125, 998487, 0] 
FlowId 108 [12500, 823322, 0] 
FlowId 109 [25000, 326316, 4598] [12500, 330914, 24054] [6250, 354968, 0] 
FlowId 110 [25000, 367454, 4243] [12500, 371697, 17527] [6250, 389224, 51615] [3125, 440839, 123006] [1562, 563845, 158735] [781, 722580, 190209] [390, 912789, 215996] [195, 1128785, 170476] [97, 1299261, 274294] [48, 1573555, 0] 
FlowId 111 [12500, 624677, 32784] [6250, 657461, 0] 
FlowId 112 [12500, 1010369, 0] 
FlowId 113 [25000, 619155, 3151] [12500, 622306, 18085] [6250, 640391, 18707] [3125, 659098, 89166] [1562, 748264, 0] 
FlowId 114 [25000, 68444, 0] 
FlowId 115 [25000, 421243, 9040] [12500, 430283, 18538] [6250, 448821, 35717] [3125, 484538, 81641] [1562, 566179, 144580] [781, 710759, 186521] [390, 897280, 248213] [195, 1145493, 259572] [97, 1405065, 315369] [48, 1720434, 413888] [24, 2134322, 261877] [12, 2396199, 0] 
FlowId 116 [12500, 382924, 108138] [6250, 491062, 0] 
FlowId 117 [25000, 32447, 3986] [12500, 36433, 17609] [6250, 54042, 38622] [3125, 92664, 100714] [1562, 193378, 0] 
FlowId 118 [12500, 786097, 0] 
FlowId 119 [12500, 172956, 91040] [6250, 263996, 40796] [3125, 304792, 85694] [1562, 390486, 117032] [781, 507518, 0] 
FlowId 120 [25000, 275109, 420] [12500, 275529, 9246] [6250, 284775, 22272] [3125, 307047, 53766] [1562, 360813, 49460] [781, 410273, 96125] [390, 506398, 108528] [195, 614926, 0] 
FlowId 121 [12500, 593850, 0] 
FlowId 122 [25000, 336867, 2300] [12500, 339167, 17888] [6250, 357055, 45739] [3125, 402794, 0] 
FlowId 123 [12500, 207874, 0] 
FlowId 124 [12500, 826993, 21351] [6250, 848344, 0] 
FlowId 125 [25000, 797856, 6021] [12500, 803877, 0] 
FlowId 126 [12500, 568856, 0] 
FlowId 127 [25000, 424573, 4163] [12500, 428736, 24736] [6250, 453472, 0] 
FlowId 128 [12500, 871500, 0] 
FlowId 129 [12500, 521082, 68132] [6250, 589214, 61057] [3125, 650271, 67240] [1562, 717511, 122981] [781, 840492, 0] 
FlowId 130 [25000, 436596, 2442] [12500, 439038, 17562] [6250, 456600, 35630] [3125, 492230, 105713] [1562, 597943, 164016] [781, 761959, 188267] [390, 950226, 0] 
FlowId 131 [25000, 472398, 4456] [12500, 476854, 17836] [6250, 494690, 51084] [3125, 545774, 151105] [1562, 696879, 233754] [781, 930633, 296166] [390, 1226799, 443845] [195, 1670644, 214058] [97, 1884702, 80797] [48, 1965499, 69803] [24, 2035302, 95119] [12, 2130421, 1116721] 
FlowId 132 [12500, 967366, 0] 
FlowId 133 [25000, 150136, 3843] [12500, 153979, 17580] [6250, 171559, 0] 
FlowId 134 [12500, 488414, 0] 
FlowId 135 [25000, 904872, 96] [12500, 904968, 8815] [6250, 913783, 18889] [3125, 932672, 36558] [1562, 969230, 76038] [781, 1045268, 53277] [390, 1098545, 41280] [195, 1139825, 66662] [97, 1206487, 52172] [48, 1258659, 68519] [24, 1327178, 49936] [12, 1377114, 59597] 
FlowId 136 [25000, 115824, 2459] [12500, 118283, 18829] [6250, 137112, 0] 
FlowId 137 [25000, 428657, 4420] [12500, 433077, 18295] [6250, 451372, 55450] [3125, 506822, 0] 
FlowId 138 [25000, 915393, 3364] [12500, 918757, 17639] [6250, 936396, 41156] [3125, 977552, 111472] [1562, 1089024, 205966] [781, 1294990, 167357] [390, 1462347, 0] 
FlowId 140 [25000, 344563, 3207] [12500, 347770, 23079] [6250, 370849, 0] 
FlowId 141 [25000, 263536, 8377] [12500, 271913, 17804] [6250, 289717, 42399] [3125, 332116, 115963] [1562, 448079, 125989] [781, 574068, 125546] [390, 699614, 134392] [195, 834006, 171000] [97, 1005006, 303213] [48, 1308219, 0] 
FlowId 142 [12500, 387601, 50081] [6250, 437682, 0] 
FlowId 143 [25000, 838020, 11190] [12500, 849210, 21712] [6250, 870922, 0] 
FlowId 144 [25000, 833578, 5454] [12500, 839032, 31020] [6250, 870052, 0] 
FlowId 145 [12500, 861506, 0] 
FlowId 146 [25000, 550344, 4888] [12500, 555232, 18954] [6250, 574186, 0] 
FlowId 147 [25000, 401635, 8664] [12500, 410299, 17498] [6250, 427797, 26934] [3125, 454731, 101195] [1562, 555926, 194112] [781, 750038, 193270] [390, 943308, 206746] [195, 1150054, 246116] [97, 1396170, 0] 
FlowId 148 [12500, 972461, 22550] [6250, 995011, 0] 
FlowId 149 [25000, 940007, 19269] [12500, 959276, 51879] [6250, 1011155, 0] 
FlowId 150 [25000, 134175, 4033] [12500, 138208, 21860] [6250, 160068, 0] 
FlowId 151 [25000, 897853, 8416] [12500, 906269, 17588] [6250, 923857, 78583] [3125, 1002440, 209907] [1562, 1212347, 289147] [781, 1501494, 0] 
FlowId 152 [12500, 417181, 29590] [6250, 446771, 0] 
FlowId 153 [12500, 278995, 0] 
FlowId 154 [25000, 321444, 13767] [12500, 335211, 0] 
FlowId 155 [12500, 881947, 69920] [6250, 951867, 0] 
FlowId 156 [25000, 827199, 2478] [12500, 829677, 17832] [6250, 847509, 44410] [3125, 891919, 112579] [1562, 1004498, 0] 
FlowId 157 [12500, 905615, 65725] [6250, 971340, 187739] [3125, 1159079, 446831] [1562, 1605910, 0] 
FlowId 158 [25000, 35479, 4272] [12500, 39751, 17388] [6250, 57139, 42764] [3125, 99903, 0] 
FlowId 159 [12500, 689776, 0] 
FlowId 160 [25000, 923914, 62] [12500, 923976, 0] 
FlowId 161 [25000, 934069, 3598] [12500, 937667, 18708] [6250, 956375, 48973] [3125, 1005348, 0] 
FlowId 162 [12500, 870244, 0] 
FlowId 163 [12500, 177364, 0] 
FlowId 164 [25000, 148023, 3750] [12500, 151773, 17449] [6250, 169222, 47341] [3125, 216563, 95148] [1562, 311711, 95496] [781, 407207, 142502] [390, 549709, 220593] [195, 770302, 219180] [97, 989482, 242941] [48, 1232423, 0] 
FlowId 165 [25000, 38319, 84] [12500, 38403, 0] 
FlowId 166 [12500, 637529, 0] 
FlowId 167 [25000, 716563, 12702] [12500, 729265, 35588] [6250, 764853, 0] 
FlowId 168 [12500, 1034142, 63312] [6250, 1097454, 0] 
FlowId 169 [12500, 381448, 19526] [6250, 400974, 33311] [3125, 434285, 117856] [1562, 552141, 0] 
FlowId 170 [12500, 898562, 51524] [6250, 950086, 127406] [3125, 1077492, 213016] [1562, 1290508, 213579] [781, 1504087, 242313] [390, 1746400, 145092] [195, 1891492, 165513] [97, 2057005, 117784] [48, 2174789, 127212] [24, 2302001, 103770] [12, 2405771, 1664688] 
FlowId 171 [25000, 178302, 0] 
FlowId 172 [25000, 469799, 4226] [12500, 474025, 17751] [6250, 491776, 26913] [3125, 518689, 102366] [1562, 621055, 180112] [781, 801167, 162166] [390, 963333, 342037] [195, 1305370, 0] 
FlowId 173 [25000, 95561, 3801] [12500, 99362, 17843] [6250, 117205, 0] 
FlowId 174 [25000, 435640, 3519] [12500, 439159, 17943] [6250, 457102, 48348] [3125, 505450, 140129] [1562, 645579, 271515] [781, 917094, 263391] [390, 1180485, 431666] [195, 1612151, 0] 
FlowId 175 [25000, 620232, 4107] [12500, 624339, 32797] [6250, 657136, 0] 
FlowId 176 [12500, 471363, 0] 
FlowId 177 [25000, 231035, 8409] [12500, 239444, 20510] [6250, 259954, 0] 
FlowId 178 [12500, 809475, 85403] [6250, 894878, 0] 
FlowId 179 [25000, 680217, 4665] [12500, 684882, 38037] [6250, 722919, 0] 
FlowId 180 [12500, 1044197, 84244] [6250, 1128441, 243631] [3125, 1372072, 420393] [1562, 1792465, 493790] [781, 2286255, 0] 
FlowId 181 [25000, 788059, 58028] [12500, 846087, 0] 
FlowId 182 [25000, 431679, 28098] [12500, 459777, 0] 
FlowId 183 [12500, 487849, 0] 
FlowId 184 [12500, 607647, 21639] [6250, 629286, 62330] [3125, 691616, 145629] [1562, 837245, 172398] [781, 1009643, 0] 
FlowId 185 [12500, 909923, 0] 
FlowId 186 [12500, 766647, 31924] [6250, 798571, 77808] [3125, 876379, 173148] [1562, 1049527, 80578] [781, 1130105, 148430] [390, 1278535, 90127] [195, 1368662, 74758] [97, 1443420, 105833] [48, 1549253, 123944] [24, 1673197, 135928] [12, 1809125, 1373894] 
FlowId 187 [12500, 291937, 0] 
FlowId 188 [25000, 179233, 2446] [12500, 181679, 18368] [6250, 200047, 0] 
FlowId 189 [25000, 61554, 8739] [12500, 70293, 0] 
FlowId 190 [12500, 961092, 33703] [6250, 994795, 0] 
FlowId 191 [25000, 119754, 3986] [12500, 123740, 17429] [6250, 141169, 42381] [3125, 183550, 111688] [1562, 295238, 0] 
FlowId 192 [25000, 569999, 0] 
FlowId 193 [25000, 641694, 2940] [12500, 644634, 18034] [6250, 662668, 0] 
FlowId 194 [25000, 305323, 3864] [12500, 309187, 17476] [6250, 326663, 0] 
FlowId 195 [25000, 143557, 176] [12500, 143733, 0] 
FlowId 197 [25000, 584885, 968] [12500, 585853, 17639] [6250, 603492, 49901] [3125, 653393, 129800] [1562, 783193, 164946] [781, 948139, 177074] [390, 1125213, 0] 
FlowId 198 [25000, 304401, 4128] [12500, 308529, 17860] [6250, 326389, 42648] [3125, 369037, 0] 
FlowId 199 [25000, 197740, 4523] [12500, 202263, 18473] [6250, 220736, 0] 
FlowId 200 [12500, 579721, 21855] [6250, 601576, 0] 
FlowId 201 [25000, 941503, 3144] [12500, 944647, 17632] [6250, 962279, 46044] [3125, 1008323, 106216] [1562, 1114539, 224152] [781, 1338691, 134984] [390, 1473675, 0] 
FlowId 202 [25000, 729379, 8749] [12500, 738128, 46389] [6250, 784517, 0] 
FlowId 203 [12500, 835281, 0] 
FlowId 204 [25000, 296471, 767] [12500, 297238, 17809] [6250, 315047, 0] 
FlowId 205 [25000, 410403, 3964] [12500, 414367, 17596] [6250, 431963, 50100] [3125, 482063, 0] 
FlowId 206 [25000, 538212, 8364] [12500, 546576, 17470] [6250, 564046, 39194] [3125, 603240, 0] 
FlowId 207 [12500, 226930, 8751] [6250, 235681, 21328] [3125, 257009, 51995] [1562, 309004, 0] 
FlowId 208 [12500, 734793, 8696] [6250, 743489, 0] 
FlowId 209 [12500, 974739, 0] 
FlowId 210 [25000, 869174, 3781] [12500, 872955, 25895] [6250, 898850, 0] 
FlowId 211 [25000, 16029, 4392] [12500, 20421, 0] 
FlowId 212 [25000, 490662, 8501] [12500, 499163, 0] 
FlowId 213 [12500, 851843, 63388] [6250, 915231, 0] 
FlowId 214 [25000, 335514, 4124] [12500, 339638, 24708] [6250, 364346, 0] 
FlowId 215 [12500, 993171, 124169] [6250, 1117340, 188139] [3125, 1305479, 220998] [1562, 1526477, 205564] [781, 1732041, 250235] [390, 1982276, 186759] [195, 2169035, 183752] [97, 2352787, 63655] [48, 2416442, 110541] [24, 2526983, 110544] [12, 2637527, 309146] 
FlowId 216 [25000, 328562, 4340] [12500, 332902, 17381] [6250, 350283, 49600] [3125, 399883, 106352] [1562, 506235, 93668] [781, 599903, 212370] [390, 812273, 225342] [195, 1037615, 208787] [97, 1246402, 380662] [48, 1627064, 356932] [24, 1983996, 0] 
FlowId 217 [25000, 207863, 26471] [12500, 234334, 0] 
FlowId 218 [12500, 607538, 31233] [6250, 638771, 83400] [3125, 722171, 0] 
FlowId 219 [25000, 515639, 180] [12500, 515819, 0] 
FlowId 220 [25000, 260267, 176] [12500, 260443, 0] 
FlowId 221 [12500, 987029, 92589] [6250, 1079618, 142590] [3125, 1222208, 103636] [1562, 1325844, 61625] [781, 1387469, 0] 
FlowId 222 [12500, 821821, 17900] [6250, 839721, 39648] [3125, 879369, 104320] [1562, 983689, 113419] [781, 1097108, 0] 
FlowId 223 [12500, 864499, 31222] [6250, 895721, 0] 
FlowId 224 [25000, 472665, 8675] [12500, 481340, 17459] [6250, 498799, 48648] [3125, 547447, 104174] [1562, 651621, 151593] [781, 803214, 185397] [390, 988611, 213170] [195, 1201781, 372755] [97, 1574536, 494939] [48, 2069475, 245516] [24, 2314991, 206100] [12, 2521091, 204980] 
FlowId 225 [12500, 758761, 0] 
FlowId 226 [12500, 696567, 18275] [6250, 714842, 43079] [3125, 757921, 132158] [1562, 890079, 0] 
FlowId 227 [12500, 362399, 0] 
FlowId 228 [12500, 886641, 20737] [6250, 907378, 45907] [3125, 953285, 134648] [1562, 1087933, 259145] [781, 1347078, 0] 
FlowId 229 [12500, 948274, 19792] [6250, 968066, 51088] [3125, 1019154, 143530] [1562, 1162684, 210585] [781, 1373269, 231822] [390, 1605091, 181995] [195, 1787086, 159711] [97, 1946797, 213202] [48, 2159999, 0] 
FlowId 230 [25000, 64354, 4469] [12500, 68823, 0] 
FlowId 231 [25000, 799142, 4151] [12500, 803293, 0] 
FlowId 232 [25000, 443157, 3164] [12500, 446321, 18288] [6250, 464609, 50395] [3125, 515004, 129176] [1562, 644180, 192753] [781, 836933, 228476] [390, 1065409, 178312] [195, 1243721, 137193] [97, 1380914, 293740] [48, 1674654, 0] 
FlowId 233 [25000, 265406, 4494] [12500, 269900, 28887] [6250, 298787, 0] 
FlowId 234 [25000, 918551, 7768] [12500, 926319, 111906] [6250, 1038225, 0] 
FlowId 235 [25000, 253199, 3900] [12500, 257099, 18292] [6250, 275391, 0] 
FlowId 236 [12500, 735844, 0] 
FlowId 237 [12500, 997311, 22450] [6250, 1019761, 55020] [3125, 1074781, 0] 
FlowId 238 [25000, 812118, 25963] [12500, 838081, 60485] [6250, 898566, 0] 
FlowId 239 [25000, 90129, 4119] [12500, 94248, 17537] [6250, 111785, 47360] [3125, 159145, 57559] [1562, 216704, 82698] [781, 299402, 199524] [390, 498926, 0] 
FlowId 240 [25000, 276463, 3588] [12500, 280051, 17916] [6250, 297967, 51730] [3125, 349697, 117016] [1562, 466713, 128716] [781, 595429, 209781] [390, 805210, 0] 
FlowId 241 [25000, 207357, 24585] [12500, 231942, 0] 
FlowId 242 [12500, 822460, 41544] [6250, 864004, 126502] [3125, 990506, 0] 
FlowId 243 [12500, 325765, 0] 
FlowId 244 [12500, 800257, 32944] [6250, 833201, 0] 
FlowId 245 [12500, 808142, 39403] [6250, 847545, 0] 
FlowId 246 [12500, 594528, 38972] [6250, 633500, 0] 
FlowId 247 [12500, 588676, 39458] [6250, 628134, 0] 
FlowId 248 [12500, 879177, 0] 
FlowId 249 [12500, 509828, 23052] [6250, 532880, 47951] [3125, 580831, 162807] [1562, 743638, 0] 
FlowId 250 [25000, 105589, 4698] [12500, 110287, 0] 
FlowId 251 [25000, 185365, 3892] [12500, 189257, 17773] [6250, 207030, 55299] [3125, 262329, 154236] [1562, 416565, 180732] [781, 597297, 255593] [390, 852890, 249388] [195, 1102278, 0] 
FlowId 252 [12500, 651969, 36419] [6250, 688388, 90997] [3125, 779385, 0] 
FlowId 253 [12500, 468330, 0] 
FlowId 254 [25000, 1000969, 3963] [12500, 1004932, 17624] [6250, 1022556, 58832] [3125, 1081388, 0] 
FlowId 255 [12500, 325572, 10479] [6250, 336051, 23910] [3125, 359961, 43280] [1562, 403241, 77970] [781, 481211, 85433] [390, 566644, 119208] [195, 685852, 104603] [97, 790455, 131111] [48, 921566, 104778] [24, 1026344, 70920] [12, 1097264, 465197] 
FlowId 256 [12500, 626251, 0] 
FlowId 257 [12500, 323048, 0] 
FlowId 258 [12500, 99713, 24319] [6250, 124032, 0] 
FlowId 259 [25000, 46243, 4236] [12500, 50479, 17522] [6250, 68001, 41819] [3125, 109820, 61376] [1562, 171196, 90713] [781, 261909, 199392] [390, 461301, 0] 
FlowId 260 [25000, 56996, 2667] [12500, 59663, 17456] [6250, 77119, 50413] [3125, 127532, 55481] [1562, 183013, 106930] [781, 289943, 154592] [390, 444535, 202750] [195, 647285, 202764] [97, 850049, 0] 
FlowId 261 [12500, 991161, 0] 
FlowId 262 [12500, 202842, 43949] [6250, 246791, 0] 
FlowId 263 [12500, 866326, 146999] [6250, 1013325, 0] 
FlowId 264 [25000, 950638, 3900] [12500, 954538, 17583] [6250, 972121, 36551] [3125, 1008672, 116609] [1562, 1125281, 0] 
FlowId 265 [25000, 144336, 4065] [12500, 148401, 18211] [6250, 166612, 0] 
FlowId 266 [25000, 397143, 5200] [12500, 402343, 53238] [6250, 455581, 0] 
FlowId 267 [12500, 789822, 0] 
FlowId 268 [25000, 600356, 11902] [12500, 612258, 42520] [6250, 654778, 0] 
FlowId 269 [12500, 543660, 40854] [6250, 584514, 0] 
FlowId 270 [25000, 274120, 4691] [12500, 278811, 0] 
FlowId 271 [25000, 19136, 4292] [12500, 23428, 17725] [6250, 41153, 38678] [3125, 79831, 103129] [1562, 182960, 0] 
FlowId 272 [25000, 828494, 3232] [12500, 831726, 17681] [6250, 849407, 51970] [3125, 901377, 144907] [1562, 1046284, 0] 
FlowId 273 [12500, 600427, 19903] [6250, 620330, 0] 
FlowId 274 [25000, 79655, 4026] [12500, 83681, 18022] [6250, 101703, 44383] [3125, 146086, 93664] [1562, 239750, 118172] [781, 357922, 179446] [390, 537368, 171581] [195, 708949, 155802] [97, 864751, 226201] [48, 1090952, 242205] [24, 1333157, 302800] [12, 1635957, 701988] 
FlowId 276 [25000, 360838, 5104] [12500, 365942, 142093] [6250, 508035, 0] 
FlowId 277 [12500, 471118, 0] 
FlowId 278 [25000, 459425, 4396] [12500, 463821, 29747] [6250, 493568, 0] 
FlowId 279 [25000, 217118, 5423] [12500, 222541, 18366] [6250, 240907, 0] 
FlowId 280 [25000, 322286, 8462] [12500, 330748, 17755] [6250, 348503, 53940] [3125, 402443, 0] 
FlowId 281 [12500, 809352, 200374] [6250, 1009726, 0] 
FlowId 282 [12500, 716395, 8772] [6250, 725167, 0] 
FlowId 284 [25000, 490642, 4228] [12500, 494870, 17720] [6250, 512590, 43950] [3125, 556540, 0] 
FlowId 285 [12500, 844571, 129461] [6250, 974032, 0] 
FlowId 286 [25000, 204447, 4230] [12500, 208677, 18644] [6250, 227321, 50124] [3125, 277445, 124717] [1562, 402162, 171488] [781, 573650, 356285] [390, 929935, 0] 
FlowId 287 [12500, 339729, 0] 
FlowId 288 [12500, 238649, 20440] [6250, 259089, 0] 
FlowId 289 [25000, 19975, 4012] [12500, 23987, 17582] [6250, 41569, 0] 
FlowId 290 [25000, 494168, 15018] [12500, 509186, 0] 
FlowId 291 [12500, 471682, 51677] [6250, 523359, 0] 
FlowId 292 [25000, 46189, 4446] [12500, 50635, 17482] [6250, 68117, 33710] [3125, 101827, 45567] [1562, 147394, 82082] [781, 229476, 82334] [390, 311810, 0] 
FlowId 293 [25000, 810356, 3937] [12500, 814293, 17675] [6250, 831968, 59724] [3125, 891692, 0] 
FlowId 294 [12500, 179688, 0] 
FlowId 295 [12500, 758960, 19826] [6250, 778786, 0] 
FlowId 296 [12500, 512237, 79689] [6250, 591926, 177664] [3125, 769590, 0] 
FlowId 297 [12500, 670923, 56792] [6250, 727715, 148427] [3125, 876142, 256375] [1562, 1132517, 202916] [781, 1335433, 0] 
FlowId 298 [12500, 829025, 93848] [6250, 922873, 0] 
FlowId 299 [25000, 108699, 4556] [12500, 113255, 22786] [6250, 136041, 0] 
FlowId 300 [12500, 544190, 17477] [6250, 561667, 38307] [3125, 599974, 81249] [1562, 681223, 110709] [781, 791932, 88436] [390, 880368, 105087] [195, 985455, 56572] [97, 1042027, 34528] [48, 1076555, 38932] [24, 1115487, 47138] [12, 1162625, 178184] 
FlowId 301 [12500, 575523, 0] 
FlowId 302 [25000, 101035, 0] 
FlowId 303 [12500, 600349, 27672] [6250, 628021, 30428] [3125, 658449, 0] 
FlowId 304 [12500, 924017, 0] 
FlowId 305 [25000, 350824, 5075] [12500, 355899, 21094] [6250, 376993, 0] 
FlowId 306 [12500, 921787, 0] 
FlowId 307 [12500, 933243, 0] 
FlowId 308 [25000, 805630, 1295] [12500, 806925, 25295] [6250, 832220, 0] 
FlowId 309 [25000, 363229, 3538] [12500, 366767, 30946] [6250, 397713, 0] 
FlowId 310 [25000, 243718, 9302] [12500, 253020, 22905] [6250, 275925, 0] 
FlowId 311 [12500, 925650, 19363] [6250, 945013, 98207] [3125, 1043220, 0] 
FlowId 312 [25000, 23991, 0] 
FlowId 313 [12500, 289579, 0] 
FlowId 314 [25000, 126699, 176] [12500, 126875, 0] 
FlowId 315 [25000, 382020, 0] 
FlowId 316 [12500, 762505, 31133] [6250, 793638, 0] 
FlowId 317 [12500, 637157, 22923] [6250, 660080, 0] 
FlowId 318 [25000, 907849, 3536] [12500, 911385, 17666] [6250, 929051, 0] 
FlowId 319 [25000, 401461, 8021] [12500, 409482, 0] 
FlowId 320 [25000, 538451, 3830] [12500, 542281, 0] 
FlowId 321 [25000, 294779, 4267] [12500, 299046, 0] 
FlowId 322 [12500, 634537, 22085] [6250, 656622, 0] 
FlowId 323 [25000, 569565, 4554] [12500, 574119, 17967] [6250, 592086, 51918] [3125, 644004, 123850] [1562, 767854, 0] 
FlowId 324 [25000, 683894, 4647] [12500, 688541, 20891] [6250, 709432, 0] 
FlowId 325 [25000, 988727, 7870] [12500, 996597, 31700] [6250, 1028297, 150026] [3125, 1178323, 0] 
FlowId 326 [12500, 316996, 20510] [6250, 337506, 51799] [3125, 389305, 145531] [1562, 534836, 0] 
FlowId 327 [25000, 919801, 27180] [12500, 946981, 0] 
FlowId 328 [12500, 442363, 19905] [6250, 462268, 71696] [3125, 533964, 0] 
FlowId 329 [25000, 395533, 23212] [12500, 418745, 0] 
FlowId 330 [12500, 802347, 41678] [6250, 844025, 107304] [3125, 951329, 204974] [1562, 1156303, 113216] [781, 1269519, 49092] [390, 1318611, 62760] [195, 1381371, 48550] [97, 1429921, 61688] [48, 1491609, 0] 
FlowId 331 [12500, 244630, 0] 
FlowId 332 [12500, 181726, 18232] [6250, 199958, 55379] [3125, 255337, 67630] [1562, 322967, 75000] [781, 397967, 0] 
FlowId 333 [25000, 737200, 14672] [12500, 751872, 0] 
FlowId 334 [12500, 654793, 55961] [6250, 710754, 177875] [3125, 888629, 360254] [1562, 1248883, 232494] [781, 1481377, 353712] [390, 1835089, 396026] [195, 2231115, 0] 
FlowId 335 [25000, 365960, 2417] [12500, 368377, 17656] [6250, 386033, 51566] [3125, 437599, 154879] [1562, 592478, 0] 
FlowId 336 [12500, 613621, 0] 
FlowId 337 [12500, 1020561, 35896] [6250, 1056457, 0] 
FlowId 338 [25000, 707727, 3942] [12500, 711669, 17799] [6250, 729468, 48139] [3125, 777607, 0] 
FlowId 339 [25000, 180938, 3385] [12500, 184323, 17429] [6250, 201752, 0] 
FlowId 340 [12500, 513169, 20177] [6250, 533346, 78720] [3125, 612066, 0] 
FlowId 341 [12500, 1006800, 89463] [6250, 1096263, 200938] [3125, 1297201, 0] 
FlowId 342 [25000, 999130, 28665] [12500, 1027795, 93844] [6250, 1121639, 0] 
FlowId 343 [25000, 750734, 5280] [12500, 756014, 17801] [6250, 773815, 49161] [3125, 822976, 143488] [1562, 966464, 140719] [781, 1107183, 174422] [390, 1281605, 290205] [195, 1571810, 452911] [97, 2024721, 269949] [48, 2294670, 0] 
FlowId 344 [12500, 659655, 18462] [6250, 678117, 35043] [3125, 713160, 104648] [1562, 817808, 0] 
FlowId 345 [12500, 397866, 31775] [6250, 429641, 88871] [3125, 518512, 0] 
FlowId 346 [12500, 530729, 19023] [6250, 549752, 27918] [3125, 577670, 72147] [1562, 649817, 119694] [781, 769511, 152634] [390, 922145, 158588] [195, 1080733, 160452] [97, 1241185, 0] 
FlowId 347 [25000, 124902, 3220] [12500, 128122, 17412] [6250, 145534, 44076] [3125, 189610, 97809] [1562, 287419, 201240] [781, 488659, 200933] [390, 689592, 141640] [195, 831232, 184615] [97, 1015847, 218781] [48, 1234628, 251281] [24, 1485909, 0] 
FlowId 348 [25000, 278258, 5596] [12500, 283854, 0] 
FlowId 349 [12500, 518477, 0] 
FlowId 350 [12500, 334252, 27634] [6250, 361886, 17480] [3125, 379366, 99989] [1562, 479355, 189432] [781, 668787, 165830] [390, 834617, 0] 
FlowId 351 [12500, 484161, 0] 
FlowId 352 [12500, 842106, 44042] [6250, 886148, 0] 
FlowId 353 [12500, 312473, 37364] [6250, 349837, 87738] [3125, 437575, 220851] [1562, 658426, 299015] [781, 957441, 224350] [390, 1181791, 240161] [195, 1421952, 375546] [97, 1797498, 139424] [48, 1936922, 0] 
FlowId 354 [12500, 942317, 0] 
FlowId 355 [25000, 711780, 8654] [12500, 720434, 44370] [6250, 764804, 105077] [3125, 869881, 299468] [1562, 1169349, 352875] [781, 1522224, 304124] [390, 1826348, 0] 
FlowId 356 [12500, 486649, 0] 
FlowId 357 [25000, 136724, 4031] [12500, 140755, 0] 
FlowId 358 [12500, 868583, 61952] [6250, 930535, 0] 
FlowId 359 [12500, 238406, 8812] [6250, 247218, 21046] [3125, 268264, 53229] [1562, 321493, 40880] [781, 362373, 80691] [390, 443064, 0] 
FlowId 360 [12500, 843113, 0] 
FlowId 361 [12500, 372751, 0] 
FlowId 362 [12500, 938701, 0] 
FlowId 363 [12500, 532964, 27420] [6250, 560384, 0] 
FlowId 364 [25000, 676988, 2256] [12500, 679244, 43552] [6250, 722796, 0] 
FlowId 365 [25000, 41189, 4645] [12500, 45834, 18084] [6250, 63918, 41799] [3125, 105717, 0] 
FlowId 366 [12500, 244087, 0] 
FlowId 367 [25000, 919246, 1956] [12500, 921202, 26271] [6250, 947473, 0] 
FlowId 368 [12500, 112544, 11699] [6250, 124243, 23527] [3125, 147770, 0] 
FlowId 369 [25000, 871813, 17009] [12500, 888822, 58335] [6250, 947157, 0] 
FlowId 370 [25000, 479559, 8463] [12500, 488022, 30512] [6250, 518534, 77975] [3125, 596509, 0] 
FlowId 371 [25000, 33719, 2338] [12500, 36057, 17829] [6250, 53886, 43592] [3125, 97478, 0] 
FlowId 372 [25000, 641002, 4844] [12500, 645846, 17568] [6250, 663414, 55662] [3125, 719076, 0] 
FlowId 373 [25000, 890538, 1422] [12500, 891960, 17558] [6250, 909518, 37200] [3125, 946718, 120190] [1562, 1066908, 360459] [781, 1427367, 383330] [390, 1810697, 0] 
FlowId 374 [25000, 154526, 4364] [12500, 158890, 17612] [6250, 176502, 51166] [3125, 227668, 114453] [1562, 342121, 114536] [781, 456657, 88675] [390, 545332, 124561] [195, 669893, 0] 
FlowId 375 [25000, 850955, 8620] [12500, 859575, 17602] [6250, 877177, 48650] [3125, 925827, 147806] [1562, 1073633, 0] 
FlowId 376 [25000, 662212, 5065] [12500, 667277, 20284] [6250, 687561, 97826] [3125, 785387, 0] 
FlowId 377 [25000, 630206, 4368] [12500, 634574, 34584] [6250, 669158, 0] 
FlowId 379 [25000, 848094, 4432] [12500, 852526, 21239] [6250, 873765, 118316] [3125, 992081, 0] 
FlowId 380 [12500, 512332, 0] 
FlowId 381 [12500, 557240, 0] 
FlowId 382 [12500, 97218, 0] 
FlowId 383 [12500, 938857, 8932] [6250, 947789, 17598] [3125, 965387, 30860] [1562, 996247, 58626] [781, 1054873, 0] 
FlowId 384 [12500, 724272, 40842] [6250, 765114, 0] 
FlowId 385 [12500, 1021753, 0] 
FlowId 386 [25000, 270981, 8594] [12500, 279575, 0] 
FlowId 387 [12500, 628176, 39616] [6250, 667792, 0] 
FlowId 388 [25000, 39056, 4899] [12500, 43955, 18333] [6250, 62288, 41755] [3125, 104043, 0] 
FlowId 389 [12500, 168373, 0] 
FlowId 390 [25000, 168658, 4052] [12500, 172710, 17505] [6250, 190215, 51696] [3125, 241911, 0] 
FlowId 391 [12500, 111047, 26959] [6250, 138006, 63317] [3125, 201323, 0] 
FlowId 392 [25000, 238206, 4142] [12500, 242348, 19234] [6250, 261582, 57953] [3125, 319535, 159188] [1562, 478723, 215853] [781, 694576, 251706] [390, 946282, 300928] [195, 1247210, 431884] [97, 1679094, 312187] [48, 1991281, 328632] [24, 2319913, 323988] [12, 2643901, 425685] 
FlowId 393 [12500, 277415, 0] 
FlowId 394 [12500, 90411, 17892] [6250, 108303, 45437] [3125, 153740, 0] 
FlowId 395 [25000, 92485, 3536] [12500, 96021, 18251] [6250, 114272, 0] 
FlowId 396 [25000, 293297, 40] [12500, 293337, 0] 
FlowId 397 [25000, 913707, 2929] [12500, 916636, 18152] [6250, 934788, 40786] [3125, 975574, 130687] [1562, 1106261, 0] 
FlowId 398 [12500, 121933, 0] 
FlowId 399 [25000, 684988, 3841] [12500, 688829, 17971] [6250, 706800, 43093] [3125, 749893, 0] 
FlowId 400 [25000, 32570, 4771] [12500, 37341, 0] 
FlowId 401 [25000, 269808, 8424] [12500, 278232, 17382] [6250, 295614, 0] 
FlowId 402 [25000, 16557, 9211] [12500, 25768, 9463] [18750, 35231, 7870] [9375, 43101, 19991] [4687, 63092, 28019] [2343, 91111, 58807] [1171, 149918, 101519] [585, 251437, 112917] [292, 364354, 154851] [146, 519205, 0] 
FlowId 403 [12500, 962652, 46724] [6250, 1009376, 124444] [3125, 1133820, 0] 
FlowId 404 [25000, 701164, 3862] [12500, 705026, 17429] [6250, 722455, 48662] [3125, 771117, 132546] [1562, 903663, 353134] [781, 1256797, 352551] [390, 1609348, 178130] [195, 1787478, 356945] [97, 2144423, 368772] [48, 2513195, 237578] [24, 2750773, 124309] [12, 2875082, 648678] 
FlowId 405 [25000, 83151, 1622] [12500, 84773, 17400] [6250, 102173, 38960] [3125, 141133, 120533] [1562, 261666, 158573] [781, 420239, 168414] [390, 588653, 0] 
FlowId 406 [25000, 864568, 3880] [12500, 868448, 17761] [6250, 886209, 62244] [3125, 948453, 0] 
FlowId 407 [25000, 799299, 3918] [12500, 803217, 17662] [6250, 820879, 30178] [3125, 851057, 115873] [1562, 966930, 228150] [781, 1195080, 284791] [390, 1479871, 293136] [195, 1773007, 215136] [97, 1988143, 242300] [48, 2230443, 300900] [24, 2531343, 301378] [12, 2832721, 0] 
FlowId 408 [12500, 544225, 45484] [6250, 589709, 0] 
FlowId 409 [25000, 513106, 97] [12500, 513203, 0] 
FlowId 410 [12500, 768541, 19163] [6250, 787704, 43227] [3125, 830931, 109218] [1562, 940149, 0] 
FlowId 411 [25000, 536587, 1347] [12500, 537934, 30679] [6250, 568613, 0] 
FlowId 412 [12500, 852855, 38344] [6250, 891199, 0] 
FlowId 413 [12500, 1026983, 53004] [6250, 1079987, 137429] [3125, 1217416, 359080] [1562, 1576496, 253242] [781, 1829738, 0] 
FlowId 414 [12500, 932531, 133682] [6250, 1066213, 0] 
FlowId 415 [25000, 196035, 8290] [12500, 204325, 0] 
FlowId 416 [12500, 955111, 0] 
FlowId 417 [25000, 439788, 1999] [12500, 441787, 19001] [6250, 460788, 52920] [3125, 513708, 158973] [1562, 672681, 0] 
FlowId 418 [12500, 833127, 30812] [6250, 863939, 79402] [3125, 943341, 60668] [1562, 1004009, 91860] [781, 1095869, 0] 
FlowId 419 [25000, 420481, 26972] [12500, 447453, 0] 
FlowId 420 [12500, 285983, 18550] [6250, 304533, 37472] [3125, 342005, 113403] [1562, 455408, 156007] [781, 611415, 170496] [390, 781911, 282331] [195, 1064242, 287677] [97, 1351919, 0] 
FlowId 421 [25000, 11823, 9362] [12500, 21185, 17360] [6250, 38545, 23936] [3125, 62481, 35140] [1562, 97621, 42000] [781, 139621, 54232] [390, 193853, 92218] [195, 286071, 92200] [97, 378271, 149558] [48, 527829, 0] 
FlowId 422 [12500, 507051, 0] 
FlowId 423 [25000, 1001680, 4615] [12500, 1006295, 21958] [6250, 1028253, 0] 
FlowId 424 [25000, 828804, 4420] [12500, 833224, 17652] [6250, 850876, 49408] [3125, 900284, 0] 
FlowId 425 [12500, 914576, 37174] [6250, 951750, 0] 
FlowId 426 [25000, 290816, 3048] [12500, 293864, 23562] [6250, 317426, 0] 
FlowId 427 [25000, 816006, 9418] [12500, 825424, 0] 
FlowId 428 [12500, 362732, 22426] [6250, 385158, 58623] [3125, 443781, 115263] [1562, 559044, 226533] [781, 785577, 304451] [390, 1090028, 0] 
FlowId 429 [25000, 758454, 8835] [12500, 767289, 17860] [6250, 785149, 19869] [3125, 805018, 96094] [1562, 901112, 235654] [781, 1136766, 276976] [390, 1413742, 0] 
FlowId 430 [12500, 895028, 77752] [6250, 972780, 192190] [3125, 1164970, 0] 
FlowId 431 [25000, 230934, 4263] [12500, 235197, 17677] [6250, 252874, 46813] [3125, 299687, 111902] [1562, 411589, 111968] [781, 523557, 142305] [390, 665862, 0] 
FlowId 432 [25000, 322935, 3886] [12500, 326821, 17743] [6250, 344564, 45762] [3125, 390326, 153532] [1562, 543858, 260855] [781, 804713, 315989] [390, 1120702, 280858] [195, 1401560, 0] 
FlowId 433 [25000, 849716, 2883] [12500, 852599, 17740] [6250, 870339, 38197] [3125, 908536, 115932] [1562, 1024468, 269208] [781, 1293676, 268290] [390, 1561966, 348864] [195, 1910830, 0] 
FlowId 434 [12500, 234761, 0] 
FlowId 435 [12500, 646295, 0] 
FlowId 436 [12500, 862587, 0] 
FlowId 437 [25000, 82055, 4422] [12500, 86477, 19900] [6250, 106377, 0] 
FlowId 438 [25000, 525239, 2393] [12500, 527632, 27925] [6250, 555557, 0] 
FlowId 439 [25000, 461259, 2640] [12500, 463899, 29501] [6250, 493400, 0] 
FlowId 440 [12500, 691112, 22091] [6250, 713203, 58002] [3125, 771205, 156976] [1562, 928181, 0] 
FlowId 441 [25000, 197597, 4238] [12500, 201835, 0] 
FlowId 442 [25000, 326338, 7458] [12500, 333796, 0] 
FlowId 443 [12500, 776517, 125921] [6250, 902438, 263010] [3125, 1165448, 308720] [1562, 1474168, 244019] [781, 1718187, 370444] [390, 2088631, 414980] [195, 2503611, 173482] [97, 2677093, 0] 
FlowId 444 [25000, 990275, 4480] [12500, 994755, 18161] [6250, 1012916, 48300] [3125, 1061216, 131752] [1562, 1192968, 231454] [781, 1424422, 308476] [390, 1732898, 281354] [195, 2014252, 295365] [97, 2309617, 200550] [48, 2510167, 261596] [24, 2771763, 181983] [12, 2953746, 919119] 
FlowId 445 [25000, 895017, 9695] [12500, 904712, 47649] [6250, 952361, 0] 
FlowId 446 [12500, 624390, 46547] [6250, 670937, 0] 
FlowId 447 [25000, 884871, 5336] [12500, 890207, 20911] [6250, 911118, 51386] [3125, 962504, 158053] [1562, 1120557, 284077] [781, 1404634, 379249] [390, 1783883, 0] 
FlowId 448 [25000, 225672, 3136] [12500, 228808, 17767] [6250, 246575, 0] 
FlowId 449 [25000, 106228, 4686] [12500, 110914, 17557] [6250, 128471, 42699] [3125, 171170, 109387] [1562, 280557, 132508] [781, 413065, 166152] [390, 579217, 0] 
FlowId 450 [25000, 87188, 1974] [12500, 89162, 0] 
FlowId 451 [25000, 803312, 16311] [12500, 819623, 71852] [6250, 891475, 0] 
FlowId 452 [25000, 38473, 8980] [12500, 47453, 0] 
FlowId 453 [25000, 730919, 3885] [12500, 734804, 17377] [6250, 752181, 45349] [3125, 797530, 136075] [1562, 933605, 0] 
FlowId 454 [25000, 388683, 170] [12500, 388853, 0] 
FlowId 456 [12500, 959655, 0] 
FlowId 457 [12500, 413676, 20068] [6250, 433744, 0] 
FlowId 458 [25000, 649090, 4169] [12500, 653259, 17898] [6250, 671157, 53088] [3125, 724245, 149005] [1562, 873250, 0] 
FlowId 459 [25000, 23373, 4566] [12500, 27939, 18500] [6250, 46439, 0] 
FlowId 460 [12500, 964392, 20742] [6250, 985134, 43114] [3125, 1028248, 139510] [1562, 1167758, 268811] [781, 1436569, 196789] [390, 1633358, 270309] [195, 1903667, 0] 
FlowId 461 [25000, 72309, 3788] [12500, 76097, 17600] [6250, 93697, 0] 
FlowId 462 [25000, 468678, 3250] [12500, 471928, 17508] [6250, 489436, 50273] [3125, 539709, 143844] [1562, 683553, 193427] [781, 876980, 233140] [390, 1110120, 446469] [195, 1556589, 0] 
FlowId 463 [12500, 524878, 44603] [6250, 569481, 0] 
FlowId 464 [12500, 37523, 18078] [6250, 55601, 38540] [3125, 94141, 47784] [1562, 141925, 42430] [781, 184355, 55210] [390, 239565, 0] 
