Index     FlowId          Size              Sent              Recv              FCT               PfcDur            
0          196             0.14              0.14              0.14              8.247             0                 
1          35              0.38              0.38              0.38              17.606            0                 
2          455             0.815             0.815             0.815             8.36              0                 
3          283             0.889             0.889             0.889             15.177            0                 
4          275             0.925             0.925             0.925             12.436            0                 
5          378             0.958             0.958             0.958             12.501            0                 
6          139             0.987             0.987             0.987             12.453            0                 
7          163             1.167             1.167             1.167             12.453            0                 
8          361             1.189             1.189             1.189             12.589            0                 
9          5               1.334             1.334             1.334             12.615            0                 
10         82              1.367             1.367             1.367             12.475            0                 
11         128             1.39              1.39              1.39              13.952            0                 
12         349             1.527             1.527             1.527             8.293             0                 
13         306             1.563             1.563             1.563             12.867            0                 
14         54              1.59              1.59              1.59              12.479            0                 
15         302             1.711             1.711             1.711             8.315             0                 
16         192             1.9               1.9               1.9               12.521            0                 
17         126             2.004             2.004             2.004             12.568            0                 
18         267             2.064             2.064             2.064             8.465             0                 
19         212             2.182             2.182             2.182             12.591            0                 
20         121             2.287             2.287             2.287             8.838             0                 
21         154             2.528             2.528             2.528             12.57             0                 
22         315             2.689             2.689             2.689             8.418             0                 
23         114             2.926             2.926             2.926             12.603            0                 
24         162             2.957             2.957             2.957             8.428             0                 
25         227             3.03              3.03              3.03              12.62             0                 
26         68              3.145             3.145             3.145             12.714            0                 
27         450             3.229             3.229             3.229             12.669            0                 
28         185             3.235             3.235             3.235             12.652            0                 
29         189             3.328             3.328             3.328             8.479             0                 
30         183             3.457             3.457             3.457             12.731            0                 
31         29              3.561             3.561             3.561             12.762            0                 
32         171             4.117             4.117             4.117             12.703            0                 
33         34              4.237             4.237             4.237             12.707            0                 
34         165             4.289             4.289             4.289             8.531             0                 
35         11              4.66              4.66              4.66              13.846            0                 
36         319             4.914             4.914             4.914             12.784            0                 
37         217             4.921             4.921             4.921             12.997            0                 
38         39              4.95              4.95              4.95              12.779            0                 
39         219             4.967             4.967             4.967             8.598             0                 
40         419             5.411             5.411             5.411             13.224            0                 
41         329             5.452             5.452             5.452             12.83             0                 
42         307             5.619             5.619             5.619             13.786            0                 
43         57              5.627             5.627             5.627             8.641             0                 
44         270             5.786             5.786             5.786             12.838            0                 
45         324             5.837             5.837             5.837             12.928            0                 
46         314             6.224             6.224             6.224             8.779             0                 
47         80              6.287             6.287             6.287             13.478            0                 
48         400             6.433             6.433             6.433             12.969            0                 
49         30              6.589             6.589             6.589             12.938            0                 
50         333             6.621             6.621             6.621             12.933            0                 
51         28              6.637             6.637             6.637             13.086            0                 
52         436             6.689             6.689             6.689             8.903             0                 
53         48              6.763             6.763             6.763             14.433            0                 
54         291             6.782             6.782             6.782             13.158            0                 
55         422             6.79              6.79              6.79              13.018            0                 
56         294             6.803             6.803             6.803             8.746             0                 
57         24              7.189             7.189             7.189             8.825             0                 
58         362             7.255             7.255             7.255             13.424            0                 
59         356             7.289             7.289             7.289             12.961            0                 
60         179             7.361             7.361             7.361             13.365            0                 
61         22              7.418             7.418             7.418             12.967            0                 
62         101             7.477             7.477             7.477             12.969            0                 
63         236             7.603             7.603             7.603             30.843            0                 
64         313             7.716             7.716             7.716             8.841             0                 
65         167             7.818             7.818             7.818             13.603            0                 
66         148             7.875             7.875             7.875             14.15             0                 
67         145             7.958             7.958             7.958             13.284            0                 
68         454             7.972             7.972             7.972             8.851             0                 
69         8               8.405             8.405             8.405             13.175            0                 
70         312             8.722             8.722             8.722             13.159            0                 
71         241             8.731             8.731             8.731             13.167            0                 
72         423             8.876             8.876             8.876             14.123            0                 
73         327             8.888             8.888             8.888             9.43              0                 
74         118             8.903             8.903             8.903             13.625            0                 
75         10              8.993             8.993             8.993             13.648            0                 
76         393             9                 9                 9                 8.938             0                 
77         380             9.039             9.039             9.039             8.943             0                 
78         305             9.047             9.047             9.047             14.266            0                 
79         95              9.207             9.207             9.207             13.141            0                 
80         451             9.48              9.48              9.48              13.264            0                 
81         108             9.485             9.485             9.485             13.222            0                 
82         132             9.548             9.548             9.548             14.946            0                 
83         96              9.663             9.663             9.663             13.159            0                 
84         381             9.997             9.997             9.997             9.024             0                 
85         389             10.983            10.983            10.983            13.365            0                 
86         103             10.985            10.985            10.985            13.282            0                 
87         442             11.437            11.437            11.437            13.39             0                 
88         109             11.51             11.51             11.51             13.443            0                 
89         12              11.561            11.561            11.561            13.749            0                 
90         43              12.164            12.164            12.164            9.282             0                 
91         412             12.611            12.611            12.611            27.893            0                 
92         366             12.952            12.952            12.952            13.496            0                 
93         261             13.918            13.918            13.918            14.148            0                 
94         231             13.922            13.922            13.922            14.245            0                 
95         277             14.715            14.715            14.715            19.776            0                 
96         357             15.201            15.201            15.201            13.635            0                 
97         268             15.685            15.685            15.685            13.666            0                 
98         134             15.79             15.79             15.79             9.501             0                 
99         181             16.177            16.177            16.177            9.884             0                 
100        88              17.649            17.649            17.649            9.652             0                 
101        56              18.196            18.196            18.196            15.017            0                 
102        4               18.442            18.442            18.442            13.962            0                 
103        351             19.789            19.789            19.789            14.034            0                 
104        269             20.037            20.037            20.037            14.204            0                 
105        320             20.599            20.599            20.599            16.831            0                 
106        369             20.927            20.927            20.927            10.002            0                 
107        144             21.479            21.479            21.479            14.229            0                 
108        200             21.503            21.503            21.503            14.387            0                 
109        439             21.731            21.731            21.731            14.175            0                 
110        276             22.155            22.155            22.155            14.9              0                 
111        202             22.222            22.222            22.222            14.41             0                 
112        234             22.433            22.433            22.433            14.474            0                 
113        411             22.965            22.965            22.965            14.892            0                 
114        348             23.538            23.538            23.538            14.439            0                 
115        316             23.651            23.651            23.651            16.581            0                 
116        6               23.827            23.827            23.827            14.444            0                 
117        1               24.288            24.288            24.288            16.659            0                 
118        176             24.406            24.406            24.406            11.757            0                 
119        409             24.621            24.621            24.621            10.242            0                 
120        446             24.776            24.776            24.776            10.344            0                 
121        336             24.803            24.803            24.803            14.57             0                 
122        352             24.812            24.812            24.812            14.689            0                 
123        414             25.16             25.16             25.16             15.837            0                 
124        386             25.163            25.163            25.163            14.639            0                 
125        285             25.243            25.243            25.243            19.091            0                 
126        112             25.667            25.667            25.667            15.791            0                 
127        358             25.732            25.732            25.732            15.293            0                 
128        31              25.746            25.746            25.746            16.638            0                 
129        21              26.049            26.049            26.049            21.635            0                 
130        152             26.361            26.361            26.361            14.56             0                 
131        91              26.462            26.462            26.462            14.886            0                 
132        104             26.708            26.708            26.708            14.963            0                 
133        342             26.724            26.724            26.724            16.326            0                 
134        146             26.76             26.76             26.76             16.99             0                 
135        377             26.819            26.819            26.819            14.867            0                 
136        262             26.855            26.855            26.855            16.956            0                 
137        79              26.868            26.868            26.868            16.78             0                 
138        140             26.923            26.923            26.923            14.871            0                 
139        266             27.08             27.08             27.08             14.643            0                 
140        230             27.11             27.11             27.11             14.716            0                 
141        427             27.392            27.392            27.392            10.473            0                 
142        61              27.489            27.489            27.489            14.921            0                 
143        127             28.391            28.391            28.391            18.108            0                 
144        159             28.507            28.507            28.507            10.593            0                 
145        190             28.895            28.895            28.895            15.837            0                 
146        354             28.951            28.951            28.951            15.689            0                 
147        308             29.01             29.01             29.01             18.811            0                 
148        253             29.117            29.117            29.117            14.866            0                 
149        125             29.22             29.22             29.22             15.3              0                 
150        452             29.869            29.869            29.869            10.886            0                 
151        182             31.38             31.38             31.38             14.997            0                 
152        257             31.992            31.992            31.992            10.908            0                 
153        379             32.158            32.158            32.158            17.896            0                 
154        456             32.184            32.184            32.184            10.976            0                 
155        295             33.144            33.144            33.144            15.388            0                 
156        248             33.218            33.218            33.218            10.97             0                 
157        213             33.6              33.6              33.6              17.624            0                 
158        149             33.638            33.638            33.638            18.257            0                 
159        415             33.712            33.712            33.712            15.209            0                 
160        384             33.955            33.955            33.955            15.24             0                 
161        340             33.956            33.956            33.956            15.409            0                 
162        321             34.413            34.413            34.413            17.583            0                 
163        74              35.142            35.142            35.142            15.608            0                 
164        376             35.718            35.718            35.718            15.35             0                 
165        256             36.383            36.383            36.383            11.698            0                 
166        396             36.718            36.718            36.718            11.345            0                 
167        290             36.771            36.771            36.771            12.941            0                 
168        111             37.43             37.43             37.43             20.171            0                 
169        247             37.685            37.685            37.685            15.514            0                 
170        41              38.768            38.768            38.768            18.555            0                 
171        19              38.988            38.988            38.988            11.506            0                 
172        445             39.667            39.667            39.667            17.518            0                 
173        220             39.942            39.942            39.942            11.535            0                 
174        245             40.501            40.501            40.501            15.812            0                 
175        246             41.077            41.077            41.077            17.234            0                 
176        243             41.183            41.183            41.183            16.323            0                 
177        360             41.996            41.996            41.996            11.814            0                 
178        311             42.06             42.06             42.06             16.088            0                 
179        441             42.398            42.398            42.398            15.99             0                 
180        382             42.837            42.837            42.837            12.474            0                 
181        242             42.938            42.938            42.938            17.008            0                 
182        235             43.436            43.436            43.436            16.006            0                 
183        398             44.732            44.732            44.732            18.942            0                 
184        64              45.599            45.599            45.599            16.494            0                 
185        32              46.042            46.042            46.042            16.455            0                 
186        238             46.331            46.331            46.331            22.039            0                 
187        143             46.352            46.352            46.352            13.825            0                 
188        426             48.47             48.47             48.47             16.701            0                 
189        250             48.789            48.789            48.789            16.7              0                 
190        209             48.852            48.852            48.852            16.871            0                 
191        416             48.901            48.901            48.901            19.777            0                 
192        406             49.209            49.209            49.209            27.471            0                 
193        310             49.574            49.574            49.574            12.386            0                 
194        331             49.739            49.739            49.739            12.355            0                 
195        325             52.223            52.223            52.223            18.819            0                 
196        435             53.122            53.122            53.122            12.674            0                 
197        123             53.168            53.168            53.168            16.905            0                 
198        20              53.227            53.227            53.227            16.828            0                 
199        160             53.855            53.855            53.855            14.097            0                 
200        225             54.367            54.367            54.367            18.659            0                 
201        83              54.417            54.417            54.417            12.81             0                 
202        124             55.717            55.717            55.717            21.244            0                 
203        210             55.852            55.852            55.852            17.466            0                 
204        25              56.306            56.306            56.306            17.304            0                 
205        45              57.348            57.348            57.348            21.911            0                 
206        223             57.668            57.668            57.668            19.482            0                 
207        7               58.685            58.685            58.685            18.277            0                 
208        211             58.692            58.692            58.692            17.343            0                 
209        317             59.863            59.863            59.863            18.803            0                 
210        244             60.06             60.06             60.06             17.583            0                 
211        322             60.234            60.234            60.234            13.368            0                 
212        175             60.577            60.577            60.577            29.503            0                 
213        150             60.874            60.874            60.874            18.916            0                 
214        387             61.129            61.129            61.129            17.621            0                 
215        27              61.331            61.331            61.331            17.792            0                 
216        187             61.506            61.506            61.506            13.411            0                 
217        408             62.464            62.464            62.464            17.671            0                 
218        425             62.84             62.84             62.84             19.699            0                 
219        168             62.96             62.96             62.96             17.835            0                 
220        84              64.189            64.189            64.189            13.621            0                 
221        214             64.315            64.315            64.315            20.027            0                 
222        97              64.64             64.64             64.64             17.894            0                 
223        106             65.734            65.734            65.734            18.52             0                 
224        254             66.732            66.732            66.732            23.987            0                 
225        278             67.031            67.031            67.031            23.618            0                 
226        434             67.545            67.545            67.545            22.396            0                 
227        204             67.973            67.973            67.973            18.3              0                 
228        395             68.227            68.227            68.227            18.214            0                 
229        279             68.303            68.303            68.303            23.554            0                 
230        233             69.021            69.021            69.021            18.321            0                 
231        437             69.085            69.085            69.085            19.48             0                 
232        318             69.173            69.173            69.173            26.023            0                 
233        55              70.135            70.135            70.135            21.386            0                 
234        178             70.476            70.476            70.476            14.317            0                 
235        193             70.974            70.974            70.974            22.521            0                 
236        448             71.065            71.065            71.065            18.363            0                 
237        337             71.131            71.131            71.131            18.86             0                 
238        273             71.577            71.577            71.577            15.411            0                 
239        142             75.704            75.704            75.704            18.728            0                 
240        53              76.395            76.395            76.395            18.965            0                 
241        65              76.523            76.523            76.523            18.791            0                 
242        457             76.686            76.686            76.686            19.009            0                 
243        364             76.762            76.762            76.762            38.324            0                 
244        461             76.86             76.86             76.86             19.879            0                 
245        195             77.197            77.197            77.197            14.907            0                 
246        299             78.171            78.171            78.171            18.927            0                 
247        301             78.434            78.434            78.434            24.633            0                 
248        46              78.511            78.511            78.511            19.021            0                 
249        153             79.943            79.943            79.943            14.957            0                 
250        15              81.385            81.385            81.385            19.438            0                 
251        309             81.631            81.631            81.631            19.213            0                 
252        33              85.074            85.074            85.074            26.635            0                 
253        282             86.9              86.9              86.9              15.815            0                 
254        122             96.429            96.429            96.429            33.618            0                 
255        367             98.985            98.985            98.985            29.431            0                 
256        208             100.994           100.994           100.994           16.705            0                 
257        438             112.954           112.954           112.954           22.347            0                 
258        265             117.236           117.236           117.236           22.464            0                 
259        385             121.26            121.26            121.26            25.981            0                 
260        40              132.923           132.923           132.923           24.333            0                 
261        199             134.755           134.755           134.755           23.754            0                 
262        166             144.828           144.828           144.828           20.425            0                 
263        304             162.378           162.378           162.378           22.947            0                 
264        59              163.335           163.335           163.335           28.777            0                 
265        161             164.3             164.3             164.3             50.359            0                 
266        136             165.797           165.797           165.797           26.327            0                 
267        293             172.797           172.797           172.797           40.391            0                 
268        107             174.282           174.282           174.282           30.774            0                 
269        459             174.482           174.482           174.482           38.955            0                 
270        363             180.808           180.808           180.808           37.414            0                 
271        328             180.878           180.878           180.878           44.231            0                 
272        280             181.724           181.724           181.724           24.795            0                 
273        72              183.555           183.555           183.555           23.92             0                 
274        203             183.744           183.744           183.744           26.814            0                 
275        288             183.889           183.889           183.889           28.65             0                 
276        339             190.182           190.182           190.182           44.253            0                 
277        177             192.258           192.258           192.258           24.6              0                 
278        401             192.565           192.565           192.565           24.372            0                 
279        237             193.966           193.966           193.966           34.247            0                 
280        399             194.534           194.534           194.534           28.992            0                 
281        194             197.9             197.9             197.9             29.504            0                 
282        81              203.243           203.243           203.243           37.574            0                 
283        263             203.803           203.803           203.803           53.645            0                 
284        287             217.766           217.766           217.766           31.661            0                 
285        368             241.787           241.787           241.787           31.427            0                 
286        133             273.435           273.435           273.435           36.515            0                 
287        258             277.888           277.888           277.888           38.691            0                 
288        44              313.813           313.813           313.813           153.407           0                 
289        463             366.81            366.81            366.81            787.834           0                 
290        390             371.774           371.774           371.774           923.166           0                 
291        173             373.551           373.551           373.551           1507.35           0                 
292        188             408.806           408.806           408.806           929.908           0                 
293        205             425.527           425.527           425.527           998.461           0                 
294        18              464.577           464.577           464.577           847.05            0                 
295        116             468.177           468.177           468.177           451.291           0                 
296        155             520.9             520.9             520.9             786.865           0                 
297        338             547.199           547.199           547.199           474.666           0                 
298        298             568.9             568.9             568.9             983.618           0                 
299        394             579.43            579.43            579.43            681.166           0                 
300        105             580.381           580.381           580.381           1044.83           0                 
301        17              597.655           597.655           597.655           635.058           0                 
302        66              598.292           598.292           598.292           478.052           0                 
303        94              600.524           600.524           600.524           1927.48           0                 
304        207             606.052           606.052           606.052           596.104           0                 
305        410             639.195           639.195           639.195           430.578           0                 
306        137             648.787           648.787           648.787           476.527           0                 
307        303             669.275           669.275           669.275           513.613           0                 
308        284             704.73            704.73            704.73            516.768           0                 
309        289             766.127           766.127           766.127           830.177           0                 
310        226             782.258           782.258           782.258           598.57            0                 
311        344             799.355           799.355           799.355           595.878           0                 
312        383             799.839           799.839           799.839           869.918           0                 
313        371             853.001           853.001           853.001           714.251           0                 
314        391             861.935           861.935           861.935           734.687           0                 
315        218             874.476           874.476           874.476           1736.17           0                 
316        281             881.386           881.386           881.386           928.418           0                 
317        158             898.35            898.35            898.35            643.705           0                 
318        156             900.364           900.364           900.364           601.035           0                 
319        397             918.143           918.143           918.143           1221.85           0                 
320        424             944.054           944.054           944.054           960.3             0                 
321        430             944.139           944.139           944.139           1060.09           0                 
322        335             964.277           964.277           964.277           812.855           0                 
323        92              984.77            984.77            984.77            530.258           0                 
324        36              1009.1            1009.1            1009.1            870.005           0                 
325        453             1031.41           1031.41           1031.41           1281.17           0                 
326        113             1035.71           1035.71           1035.71           858.206           0                 
327        198             1063.78           1063.78           1063.78           1463.67           0                 
328        388             1065.75           1065.75           1065.75           1763.27           0                 
329        440             1136.4            1136.4            1136.4            760.172           0                 
330        365             1165.48           1165.48           1165.48           2155.64           0                 
331        38              1175.97           1175.97           1175.97           2374.56           0                 
332        89              1218.22           1218.22           1218.22           1476.42           0                 
333        206             1238.38           1238.38           1238.38           731.094           0                 
334        249             1265.57           1265.57           1265.57           1393.86           0                 
335        345             1298.1            1298.1            1298.1            1661.43           0                 
336        403             1363.82           1363.82           1363.82           1657.26           0                 
337        372             1420.97           1420.97           1420.97           1617.76           0                 
338        222             1447.32           1447.32           1447.32           1306.03           0                 
339        62              1467.3            1467.3            1467.3            1847.77           0                 
340        16              1478.03           1478.03           1478.03           1832.43           0                 
341        119             1489.42           1489.42           1489.42           1238.57           0                 
342        418             1507.72           1507.72           1507.72           576.461           0                 
343        252             1514.39           1514.39           1514.39           1850.16           0                 
344        370             1550.33           1550.33           1550.33           1243.38           0                 
345        70              1559.45           1559.45           1559.45           3095.51           0                 
346        296             1568.46           1568.46           1568.46           2632.71           0                 
347        129             1626.79           1626.79           1626.79           1264.2            0                 
348        117             1649.25           1649.25           1649.25           2263.92           0                 
349        359             1656.45           1656.45           1656.45           1101.49           0                 
350        47              1667.01           1667.01           1667.01           1370.37           0                 
351        341             1680.13           1680.13           1680.13           1373.82           0                 
352        264             1707.74           1707.74           1707.74           2023.34           0                 
353        272             1781.52           1781.52           1781.52           1697.9            0                 
354        67              1802.51           1802.51           1802.51           5163.21           0                 
355        26              1832.82           1832.82           1832.82           1013.81           0                 
356        102             1844.89           1844.89           1844.89           1743.51           0                 
357        99              1871.97           1871.97           1871.97           792.559           0                 
358        323             1873.47           1873.47           1873.47           1867.18           0                 
359        60              1876.42           1876.42           1876.42           1726.3            0                 
360        184             1877.29           1877.29           1877.29           2106.42           0                 
361        417             1881.47           1881.47           1881.47           1988.92           0                 
362        464             1943.31           1943.31           1943.31           2421.83           0                 
363        271             1973.37           1973.37           1973.37           3053.12           0                 
364        169             1984.74           1984.74           1984.74           2539.19           0                 
365        326             1999.17           1999.17           1999.17           2805.47           0                 
366        191             2021.23           2021.23           2021.23           1368.71           0                 
367        221             2135.29           2135.29           2135.29           1598.49           0                 
368        75              2173.67           2173.67           2173.67           2386              0                 
369        120             2184.46           2184.46           2184.46           1861.82           0                 
370        69              2238.78           2238.78           2238.78           905.912           0                 
371        37              2430.54           2430.54           2430.54           1748.38           0                 
372        157             2455.9            2455.9            2455.9            1341.95           0                 
373        458             2499.66           2499.66           2499.66           1022.9            0                 
374        228             2569.89           2569.89           2569.89           2490              0                 
375        100             2573.05           2573.05           2573.05           4723.23           0                 
376        87              2627.77           2627.77           2627.77           3048.62           0                 
377        130             2655.26           2655.26           2655.26           3840.83           0                 
378        350             2664.18           2664.18           2664.18           1375.29           0                 
379        292             2767.89           2767.89           2767.89           2203.14           0                 
380        375             2802.45           2802.45           2802.45           849.417           0                 
381        23              2821.73           2821.73           2821.73           1832.33           0                 
382        286             2892.61           2892.61           2892.61           2578.69           0                 
383        259             2939.69           2939.69           2939.69           2574.07           0                 
384        201             2962.85           2962.85           2962.85           3150.49           0                 
385        332             3026.35           3026.35           3026.35           2136.16           0                 
386        447             3044.6            3044.6            3044.6            4861.26           0                 
387        138             3051.5            3051.5            3051.5            2213.87           0                 
388        428             3056.15           3056.15           3056.15           2214.44           0                 
389        135             3350.15           3350.15           3350.15           1287.14           0                 
390        52              3353.69           3353.69           3353.69           2436.86           0                 
391        239             3613.28           3613.28           3613.28           2733.55           0                 
392        429             3636.44           3636.44           3636.44           1514.67           0                 
393        240             3714.78           3714.78           3714.78           2143.06           0                 
394        297             3766.84           3766.84           3766.84           2765.62           0                 
395        405             3794.05           3794.05           3794.05           3941.69           0                 
396        330             3825.01           3825.01           3825.01           1760.94           0                 
397        449             4043.59           4043.59           4043.59           3971.31           0                 
398        197             4054.22           4054.22           4054.22           1517.81           0                 
399        13              4116.19           4116.19           4116.19           1081.5            0                 
400        431             4222.19           4222.19           4222.19           3138.78           0                 
401        373             4352.51           4352.51           4352.51           2111.35           0                 
402        73              4400.26           4400.26           4400.26           5627.7            0                 
403        260             4445.63           4445.63           4445.63           2831.58           0                 
404        93              4590.33           4590.33           4590.33           4293.88           0                 
405        402             4606.57           4606.57           4606.57           1567.14           0                 
406        300             4632.43           4632.43           4632.43           1112.97           0                 
407        71              4652.98           4652.98           4652.98           5421.38           0                 
408        49              4686.6            4686.6            4686.6            4980.46           0                 
409        432             4691.64           4691.64           4691.64           3894.54           0                 
410        413             4738.56           4738.56           4738.56           1871.21           0                 
411        433             4748.21           4748.21           4748.21           5438.41           0                 
412        374             4754.52           4754.52           4754.52           3510.72           0                 
413        151             4781.64           4781.64           4781.64           1499.74           0                 
414        172             4841.32           4841.32           4841.32           2066.95           0                 
415        460             4881.14           4881.14           4881.14           2015.73           0                 
416        346             4894.78           4894.78           4894.78           1683.21           0                 
417        462             4987.98           4987.98           4987.98           5379.58           0                 
418        77              5055.13           5055.13           5055.13           3188.49           0                 
419        86              5064.02           5064.02           5064.02           5524.4            0                 
420        76              5110.61           5110.61           5110.61           4817.64           0                 
421        421             5632.83           5632.83           5632.83           1835.15           0                 
422        420             6310.08           6310.08           6310.08           2740.81           0                 
423        147             6391.53           6391.53           6391.53           2483.91           0                 
424        180             6462.82           6462.82           6462.82           3172.09           0                 
425        251             6557.97           6557.97           6557.97           2990.05           0                 
426        14              6647.79           6647.79           6647.79           3117.91           0                 
427        42              6692.3            6692.3            6692.3            7654.8            0                 
428        50              6801.4            6801.4            6801.4            5122.1            0                 
429        110             6808.46           6808.46           6808.46           3731.89           0                 
430        255             6899.18           6899.18           6899.18           2957.32           0                 
431        141             7238.43           7238.43           7238.43           3366.17           0                 
432        51              7251.29           7251.29           7251.29           8279.07           0                 
433        174             7521.13           7521.13           7521.13           4982.34           0                 
434        164             7848.47           7848.47           7848.47           6961.76           0                 
435        232             8104.18           8104.18           8104.18           6613.03           0                 
436        355             8421              8421              8421              4773.57           0                 
437        443             8426.66           8426.66           8426.66           2885.89           0                 
438        229             8443.28           8443.28           8443.28           5590.82           0                 
439        3               8523.36           8523.36           8523.36           3379.11           0                 
440        9               8578.86           8578.86           8578.86           3487.94           0                 
441        98              8634.66           8634.66           8634.66           7630.95           0                 
442        343             8687.15           8687.15           8687.15           3557.88           0                 
443        216             8805.28           8805.28           8805.28           6950.11           0                 
444        334             8883.4            8883.4            8883.4            3375.11           0                 
445        78              9265.46           9265.46           9265.46           6595.14           0                 
446        58              9397.51           9397.51           9397.51           3603.31           0                 
447        353             9399.69           9399.69           9399.69           10608.6           0                 
448        347             9417.37           9417.37           9417.37           3394.03           0                 
449        85              9467.94           9467.94           9467.94           8754.64           0                 
450        115             9943.55           9943.55           9943.55           4372.99           0                 
451        407             10818             10818             10818             16282.8           0                 
452        215             14623.1           14623.1           14623.1           2270.18           0                 
453        224             15444.9           15444.9           15444.9           4147.63           0                 
454        392             15853.1           15853.1           15853.1           6122.18           0                 
455        186             16876.7           16876.7           16876.7           5890.69           0                 
456        274             16917.6           16917.6           16917.6           8563.37           0                 
457        63              17405.7           17405.7           17405.7           9786.05           0                 
458        404             21292.4           21292.4           21292.4           16057.7           0                 
459        444             22413.2           22413.2           22413.2           8567.41           0                 
460        131             24901             24901             24901             5267.48           0                 
461        90              27361             27361             27361             14848.1           0                 
462        170             28761.2           28761.2           28761.2           9674.4            0                 
463        2               29283             29283             29283             28451.3           0                 
avg_fct 1159.965138
avg_fct_small 14.572948
avg_fct_large 6517.563370
99_small_fct 23.554000
99_fct 8567.414000
flow_cnt 464
small_flow_cnt 232
large_flow_cnt 46
max_small_flow_index 232
min_large_flow_index 417
99_small_flow_index 229
99_flow_index 459
