Index     FlowId          Size              Sent              Recv              FCT               PfcDur            
0          196             0.14              0.154             0.14              143.458           0                 
1          35              0.38              0.394             0.38              12.261            0                 
2          455             0.815             0.829             0.815             35.219            0                 
3          283             0.889             0.903             0.889             125.342           0                 
4          275             0.925             0.925             0.925             273.954           0                 
5          378             0.958             0.958             0.958             16.884            0                 
6          139             0.987             0.987             0.987             230.368           0                 
7          163             1.167             1.167             1.167             99.744            0                 
8          361             1.189             1.189             1.189             16.971            0                 
9          5               1.334             1.334             1.334             66.848            0                 
10         82              1.367             1.367             1.367             422.156           0                 
11         128             1.39              1.39              1.39              227.893           0                 
12         349             1.527             1.527             1.527             85.693            0                 
13         306             1.563             1.563             1.563             35.476            0                 
14         54              1.59              1.59              1.59              40.234            0                 
15         302             1.711             1.711             1.711             72.367            0                 
16         192             1.9               1.9               1.9               16.994            0                 
17         126             2.004             2.004             2.004             304.794           0                 
18         267             2.064             2.106             2.064             8.372             0                 
19         212             2.182             2.182             2.182             190.032           0                 
20         121             2.287             2.329             2.287             127.636           0                 
21         154             2.528             2.528             2.528             143.485           0                 
22         315             2.689             2.731             2.689             22.291            0                 
23         114             2.926             2.926             2.926             52.642            0                 
24         162             2.957             2.957             2.957             270.287           0                 
25         227             3.03              3.03              3.03              205.939           0                 
26         68              3.145             3.145             3.145             17.693            0                 
27         450             3.229             3.229             3.229             39.439            0                 
28         185             3.235             3.235             3.235             254.359           0                 
29         189             3.328             3.328             3.328             30.564            0                 
30         183             3.457             3.457             3.457             289.195           0                 
31         29              3.561             3.561             3.561             19.636            0                 
32         171             4.117             4.117             4.117             82.646            0                 
33         34              4.237             4.251             4.237             64.693            0                 
34         165             4.289             4.359             4.289             8.533             0                 
35         11              4.66              4.66              4.66              91.704            0                 
36         319             4.914             4.914             4.914             37.561            0                 
37         217             4.921             4.921             4.921             135.449           0                 
38         39              4.95              4.95              4.95              151.615           0                 
39         219             4.967             5.037             4.967             9.171             0                 
40         419             5.411             5.411             5.411             264.318           0                 
41         329             5.452             5.452             5.452             160.142           0                 
42         307             5.619             5.619             5.619             355.416           0                 
43         57              5.627             5.641             5.627             194.421           0                 
44         270             5.786             5.786             5.786             119.397           0                 
45         324             5.837             5.837             5.837             218.461           0                 
46         314             6.224             6.322             6.224             8.895             0                 
47         80              6.287             6.315             6.287             344.028           0                 
48         400             6.433             6.447             6.433             41.294            0                 
49         30              6.589             6.603             6.589             223.982           0                 
50         333             6.621             6.649             6.621             285.922           0                 
51         28              6.637             6.651             6.637             150.064           0                 
52         436             6.689             6.787             6.689             27.725            0                 
53         48              6.763             6.791             6.763             151.334           0                 
54         291             6.782             6.796             6.782             18.514            0                 
55         422             6.79              6.804             6.79              143.892           0                 
56         294             6.803             6.901             6.803             8.832             0                 
57         24              7.189             7.203             7.189             286.189           0                 
58         362             7.255             7.283             7.255             255.294           0                 
59         356             7.289             7.331             7.289             199.823           0                 
60         179             7.361             7.403             7.361             247.792           0                 
61         22              7.418             7.446             7.418             268.939           0                 
62         101             7.477             7.519             7.477             93.159            0                 
63         236             7.603             7.715             7.603             192.708           0                 
64         313             7.716             7.828             7.716             8.986             0                 
65         167             7.818             7.846             7.818             255.692           0                 
66         148             7.875             7.917             7.875             323.973           0                 
67         145             7.958             8.07              7.958             232.892           0                 
68         454             7.972             8.084             7.972             18.972            0                 
69         8               8.405             8.461             8.405             196.527           0                 
70         312             8.722             8.848             8.722             26.19             0                 
71         241             8.731             8.787             8.731             164.977           0                 
72         423             8.876             8.932             8.876             458.217           0                 
73         327             8.888             8.916             8.888             345.539           0                 
74         118             8.903             8.945             8.903             330.742           0                 
75         10              8.993             9.035             8.993             27.288            0                 
76         393             9                 9.056             9                 146.402           0                 
77         380             9.039             9.179             9.039             9.456             0                 
78         305             9.047             9.103             9.047             85.884            0                 
79         95              9.207             9.277             9.207             31.912            0                 
80         451             9.48              9.55              9.48              549.681           0                 
81         108             9.485             9.541             9.485             178.922           0                 
82         132             9.548             9.604             9.548             338.58            0                 
83         96              9.663             9.719             9.663             30.529            0                 
84         381             9.997             10.137            9.997             9.523             0                 
85         389             10.983            11.137            10.983            121.532           0                 
86         103             10.985            11.139            10.985            17.529            0                 
87         442             11.437            11.507            11.437            194.801           0                 
88         109             11.51             11.608            11.51             150.531           0                 
89         12              11.561            11.645            11.561            164.326           0                 
90         43              12.164            12.346            12.164            9.348             0                 
91         412             12.611            12.709            12.611            564.798           0                 
92         366             12.952            13.134            12.952            162.837           0                 
93         261             13.918            14.114            13.918            320.979           0                 
94         231             13.922            14.034            13.922            246.901           0                 
95         277             14.715            14.827            14.715            104.757           0                 
96         357             15.201            15.369            15.201            153.66            0                 
97         268             15.685            15.825            15.685            419.309           0                 
98         134             15.79             16.014            15.79             9.823             0                 
99         181             16.177            16.331            16.177            291.615           0                 
100        88              17.649            17.831            17.649            21.381            0                 
101        56              18.196            18.378            18.196            391.836           0                 
102        4               18.442            18.638            18.442            260.412           0                 
103        351             19.789            19.985            19.789            67.223            0                 
104        269             20.037            20.233            20.037            279.618           0                 
105        320             20.599            20.823            20.599            120.234           0                 
106        369             20.927            21.137            20.927            228.237           0                 
107        144             21.479            21.717            21.479            225.882           0                 
108        200             21.503            21.755            21.503            143.945           0                 
109        439             21.731            21.941            21.731            204.255           0                 
110        276             22.155            22.407            22.155            256.027           0                 
111        202             22.222            22.46             22.222            257.528           0                 
112        234             22.433            22.685            22.433            408.884           0                 
113        411             22.965            23.203            22.965            297.898           0                 
114        348             23.538            23.776            23.538            144.372           0                 
115        316             23.651            23.903            23.651            284.129           0                 
116        6               23.827            24.079            23.827            74.779            0                 
117        1               24.288            24.554            24.288            94.14             0                 
118        176             24.406            24.756            24.406            29.81             0                 
119        409             24.621            24.971            24.621            10.742            0                 
120        446             24.776            25.028            24.776            290.063           0                 
121        336             24.803            25.069            24.803            204.592           0                 
122        352             24.812            25.078            24.812            234.586           0                 
123        414             25.16             25.426            25.16             417.876           0                 
124        386             25.163            25.443            25.163            189.588           0                 
125        285             25.243            25.523            25.243            258.507           0                 
126        112             25.667            25.947            25.667            472.516           0                 
127        358             25.732            26.026            25.732            275.215           0                 
128        31              25.746            26.04             25.746            94.211            0                 
129        21              26.049            26.343            26.049            120.53            0                 
130        152             26.361            26.655            26.361            64.668            0                 
131        91              26.462            26.756            26.462            469.491           0                 
132        104             26.708            27.002            26.708            41.497            0                 
133        342             26.724            27.018            26.724            188.772           0                 
134        146             26.76             27.054            26.76             213.861           0                 
135        377             26.819            27.113            26.819            145.541           0                 
136        262             26.855            27.149            26.855            150.175           0                 
137        79              26.868            27.19             26.868            73.417            0                 
138        140             26.923            27.217            26.923            146.456           0                 
139        266             27.08             27.402            27.08             215.386           0                 
140        230             27.11             27.418            27.11             58.016            0                 
141        427             27.392            27.7              27.392            357.068           0                 
142        61              27.489            27.797            27.489            479.923           0                 
143        127             28.391            28.713            28.391            77.146            0                 
144        159             28.507            28.913            28.507            11.842            0                 
145        190             28.895            29.231            28.895            288.004           0                 
146        354             28.951            29.357            28.951            243.069           0                 
147        308             29.01             29.332            29.01             164.693           0                 
148        253             29.117            29.453            29.117            307.413           0                 
149        125             29.22             29.57             29.22             353.905           0                 
150        452             29.869            30.205            29.869            34.5              0                 
151        182             31.38             31.772            31.38             205.576           0                 
152        257             31.992            32.356            31.992            229.754           0                 
153        379             32.158            32.536            32.158            139.21            0                 
154        456             32.184            32.646            32.184            25.394            0                 
155        295             33.144            33.55             33.144            244.256           0                 
156        248             33.218            33.694            33.218            270.856           0                 
157        213             33.6              33.992            33.6              246.585           0                 
158        149             33.638            34.058            33.638            547.709           0                 
159        415             33.712            34.118            33.712            131.011           0                 
160        384             33.955            34.361            33.955            264.346           0                 
161        340             33.956            34.334            33.956            158.195           0                 
162        321             34.413            34.819            34.413            132.296           0                 
163        74              35.142            35.562            35.142            320.963           0                 
164        376             35.718            36.152            35.718            112.369           0                 
165        256             36.383            36.901            36.383            192.988           0                 
166        396             36.718            37.236            36.718            13.823            0                 
167        290             36.771            37.219            36.771            213.422           0                 
168        111             37.43             37.878            37.43             249.028           0                 
169        247             37.685            38.133            37.685            261.575           0                 
170        41              38.768            39.23             38.768            130.359           0                 
171        19              38.988            39.464            38.988            30.094            0                 
172        445             39.667            40.157            39.667            545.833           0                 
173        220             39.942            40.502            39.942            14.081            0                 
174        245             40.501            40.991            40.501            331.178           0                 
175        246             41.077            41.581            41.077            272.365           0                 
176        243             41.183            41.687            41.183            219.347           0                 
177        360             41.996            42.584            41.996            12.152            0                 
178        311             42.06             42.578            42.06             315.736           0                 
179        441             42.398            42.93             42.398            134.888           0                 
180        382             42.837            43.439            42.837            14.494            0                 
181        242             42.938            43.442            42.938            245.676           0                 
182        235             43.436            43.954            43.436            277.661           0                 
183        398             44.732            45.278            44.732            114.059           0                 
184        64              45.599            46.159            45.599            376.687           0                 
185        32              46.042            46.63             46.042            83.052            0                 
186        238             46.331            46.905            46.331            262.197           0                 
187        143             46.352            46.94             46.352            376.882           0                 
188        426             48.47             49.086            48.47             150.943           0                 
189        250             48.789            49.405            48.789            52.745            0                 
190        209             48.852            49.454            48.852            243.057           0                 
191        416             48.901            49.489            48.901            530.742           0                 
192        406             49.209            49.839            49.209            475.373           0                 
193        310             49.574            50.19             49.574            51.586            0                 
194        331             49.739            50.439            49.739            13.762            0                 
195        325             52.223            52.881            52.223            337.037           0                 
196        435             53.122            53.878            53.122            15.246            0                 
197        123             53.168            53.84             53.168            116.951           0                 
198        20              53.227            53.885            53.227            93.932            0                 
199        160             53.855            54.611            53.855            15.53             0                 
200        225             54.367            55.067            54.367            222.428           0                 
201        83              54.417            55.103            54.417            259.818           0                 
202        124             55.717            56.417            55.717            279.56            0                 
203        210             55.852            56.538            55.852            244.043           0                 
204        25              56.306            57.034            56.306            87.416            0                 
205        45              57.348            58.062            57.348            239.497           0                 
206        223             57.668            58.41             57.668            474.074           0                 
207        7               58.685            59.427            58.685            41.951            0                 
208        211             58.692            59.518            58.692            21.723            0                 
209        317             59.863            60.619            59.863            49.767            0                 
210        244             60.06             60.844            60.06             343.359           0                 
211        322             60.234            61.004            60.234            127.876           0                 
212        175             60.577            61.375            60.577            237.895           0                 
213        150             60.874            61.644            60.874            111.735           0                 
214        387             61.129            61.927            61.129            142.908           0                 
215        27              61.331            62.129            61.331            26.472            0                 
216        187             61.506            62.374            61.506            14.485            0                 
217        408             62.464            63.262            62.464            210.468           0                 
218        425             62.84             63.638            62.84             371.828           0                 
219        168             62.96             63.758            62.96             358.592           0                 
220        84              64.189            65.099            64.189            37.736            0                 
221        214             64.315            65.141            64.315            41.561            0                 
222        97              64.64             65.452            64.64             70.578            0                 
223        106             65.734            66.588            65.734            352.048           0                 
224        254             66.732            67.6              66.732            470.825           0                 
225        278             67.031            67.899            67.031            70.753            0                 
226        434             67.545            68.497            67.545            24.014            0                 
227        204             67.973            68.841            67.973            134.74            0                 
228        395             68.227            69.109            68.227            85.39             0                 
229        279             68.303            69.185            68.303            48.082            0                 
230        233             69.021            69.917            69.021            190.572           0                 
231        437             69.085            69.981            69.085            29.09             0                 
232        318             69.173            70.069            69.173            187.112           0                 
233        55              70.135            71.073            70.135            258.117           0                 
234        178             70.476            71.386            70.476            235.713           0                 
235        193             70.974            71.884            70.974            236.813           0                 
236        448             71.065            72.003            71.065            107.809           0                 
237        337             71.131            72.055            71.131            149.262           0                 
238        273             71.577            72.487            71.577            232.226           0                 
239        142             75.704            76.684            75.704            162.996           0                 
240        53              76.395            77.403            76.395            248.6             0                 
241        65              76.523            77.531            76.523            201.633           0                 
242        457             76.686            77.666            76.686            107.075           0                 
243        364             76.762            77.77             76.762            199.75            0                 
244        461             76.86             77.882            76.86             51.653            0                 
245        195             77.197            78.289            77.197            16.398            0                 
246        299             78.171            79.221            78.171            71.391            0                 
247        301             78.434            79.54             78.434            34.73             0                 
248        46              78.511            79.533            78.511            242.226           0                 
249        153             79.943            81.063            79.943            16.003            0                 
250        15              81.385            82.463            81.385            141.673           0                 
251        309             81.631            82.709            81.631            186.94            0                 
252        33              85.074            86.208            85.074            61.151            0                 
253        282             86.9              88.118            86.9              129.826           0                 
254        122             96.429            97.703            96.429            216.27            0                 
255        367             98.985            100.301           98.985            153.581           0                 
256        208             100.994           102.408           100.994           18.142            0                 
257        438             112.954           114.452           112.954           221.533           0                 
258        265             117.236           118.804           117.236           145.558           0                 
259        385             121.26            122.898           121.26            358.12            0                 
260        40              132.923           134.687           132.923           444.124           0                 
261        199             134.755           136.547           134.755           164.735           0                 
262        166             144.828           146.858           144.828           152.814           0                 
263        304             162.378           164.66            162.378           246.927           0                 
264        59              163.335           165.547           163.335           99.644            0                 
265        161             164.3             166.54            164.3             134.437           0                 
266        136             165.797           168.037           165.797           108.484           0                 
267        293             172.797           175.149           172.797           291.303           0                 
268        107             174.282           176.648           174.282           306.811           0                 
269        459             174.482           176.932           174.482           36.466            0                 
270        363             180.808           183.258           180.808           184.244           0                 
271        328             180.878           183.342           180.878           150.192           0                 
272        280             181.724           184.188           181.724           161.782           0                 
273        72              183.555           186.047           183.555           270.141           0                 
274        203             183.744           186.32            183.744           40.408            0                 
275        288             183.889           186.367           183.889           80.972            0                 
276        339             190.182           192.786           190.182           60.286            0                 
277        177             192.258           194.876           192.258           148.574           0                 
278        401             192.565           195.197           192.565           117.749           0                 
279        237             193.966           196.584           193.966           531.983           0                 
280        399             194.534           197.194           194.534           98.409            0                 
281        194             197.9             200.602           197.9             208.373           0                 
282        81              203.243           206.029           203.243           345.048           0                 
283        263             203.803           206.589           203.803           450.668           0                 
284        287             217.766           220.818           217.766           180.123           0                 
285        368             241.787           245.175           241.787           37.97             0                 
286        133             273.435           277.201           273.435           122.639           0                 
287        258             277.888           281.696           277.888           239.895           0                 
288        44              313.813           318.125           313.813           462.124           0                 
289        463             366.81            371.878           366.81            155.9             0                 
290        390             371.774           376.898           371.774           191.163           0                 
291        173             373.551           378.731           373.551           71.277            0                 
292        188             408.806           414.434           408.806           173.771           0                 
293        205             425.527           431.407           425.527           182.932           0                 
294        18              464.577           471.017           464.577           339.664           0                 
295        116             468.177           474.659           468.177           340.354           0                 
296        155             520.9             528.138           520.9             661.942           0                 
297        338             547.199           554.801           547.199           464.848           0                 
298        298             568.9             576.796           568.9             520.34            0                 
299        394             579.43            587.48            579.43            285.882           0                 
300        105             580.381           588.417           580.381           696.772           0                 
301        17              597.655           605.929           597.655           217.516           0                 
302        66              598.292           606.608           598.292           161.896           0                 
303        94              600.524           608.854           600.524           140.647           0                 
304        207             606.052           614.55            606.052           85.296            0                 
305        410             639.195           648.085           639.195           947.257           0                 
306        137             648.787           657.789           648.787           659.645           0                 
307        303             669.275           678.571           669.275           353.252           0                 
308        284             704.73            714.516           704.73            335.412           0                 
309        289             766.127           776.865           766.127           92.298            0                 
310        226             782.258           793.15            782.258           556.039           0                 
311        344             799.355           810.485           799.355           517.832           0                 
312        383             799.839           811.039           799.839           498.899           0                 
313        371             853.001           864.873           853.001           227.155           0                 
314        391             861.935           873.919           861.935           340.556           0                 
315        218             874.476           886.642           874.476           799.151           0                 
316        281             881.386           893.636           881.386           758.89            0                 
317        158             898.35            910.852           898.35            173.388           0                 
318        156             900.364           912.88            900.364           688.779           0                 
319        397             918.143           930.939           918.143           742.49            0                 
320        424             944.054           957.214           944.054           1188.02           0                 
321        430             944.139           957.299           944.139           1591.26           0                 
322        335             964.277           977.717           964.277           305.343           0                 
323        92              984.77            998.49            984.77            488.002           0                 
324        36              1009.1            1023.14           1009.1            387.667           0                 
325        453             1031.41           1045.77           1031.41           1122.89           0                 
326        113             1035.71           1050.13           1035.71           731.77            0                 
327        198             1063.78           1078.59           1063.78           738.429           0                 
328        388             1065.75           1080.59           1065.75           384.146           0                 
329        440             1136.4            1152.22           1136.4            1123.46           0                 
330        365             1165.48           1181.72           1165.48           357.597           0                 
331        38              1175.97           1192.35           1175.97           240.809           0                 
332        89              1218.22           1235.19           1218.22           885.656           0                 
333        206             1238.38           1255.64           1238.38           504.592           0                 
334        249             1265.57           1283.22           1265.57           1364.01           0                 
335        345             1298.1            1316.19           1298.1            516.242           0                 
336        403             1363.82           1382.83           1363.82           1511.21           0                 
337        372             1420.97           1440.8            1420.97           586.193           0                 
338        222             1447.32           1467.52           1447.32           1540.31           0                 
339        62              1467.3            1487.69           1467.3            2199.01           0                 
340        16              1478.03           1498.65           1478.03           398.48            0                 
341        119             1489.42           1510.28           1489.42           323.718           0                 
342        418             1507.72           1528.83           1507.72           312.262           0                 
343        252             1514.39           1535.45           1514.39           1595.58           0                 
344        370             1550.33           1571.96           1550.33           1049.97           0                 
345        70              1559.45           1581.13           1559.45           1573.53           0                 
346        296             1568.46           1590.35           1568.46           946.728           0                 
347        129             1626.79           1649.57           1626.79           1570.75           0                 
348        117             1649.25           1672.26           1649.25           358.44            0                 
349        359             1656.45           1679.65           1656.45           269.982           0                 
350        47              1667.01           1690.29           1667.01           1506.01           0                 
351        341             1680.13           1703.57           1680.13           447.613           0                 
352        264             1707.74           1731.57           1707.74           1479.4            0                 
353        272             1781.52           1806.37           1781.52           1728.37           0                 
354        67              1802.51           1827.66           1802.51           1965.52           0                 
355        26              1832.82           1858.4            1832.82           239.785           0                 
356        102             1844.89           1870.64           1844.89           1454.24           0                 
357        99              1871.97           1898.08           1871.97           1212.41           0                 
358        323             1873.47           1899.64           1873.47           591.642           0                 
359        60              1876.42           1902.55           1876.42           1935.28           0                 
360        184             1877.29           1903.51           1877.29           860.308           0                 
361        417             1881.47           1907.72           1881.47           2112.46           0                 
362        464             1943.31           1970.53           1943.31           398.942           0                 
363        271             1973.37           2001.01           1973.37           699.958           0                 
364        169             1984.74           2012.43           1984.74           1399.75           0                 
365        326             1999.17           2027.08           1999.17           763.282           0                 
366        191             2021.23           2049.47           2021.23           706.126           0                 
367        221             2135.29           2165.2            2135.29           1912.21           0                 
368        75              2173.67           2204.01           2173.67           2164.62           0                 
369        120             2184.46           2215.05           2184.46           348.282           0                 
370        69              2238.78           2270.01           2238.78           1800.72           0                 
371        37              2430.54           2464.49           2430.54           1046.51           0                 
372        157             2455.9            2490.19           2455.9            2385.05           0                 
373        458             2499.66           2534.51           2499.66           1323.83           0                 
374        228             2569.89           2605.8            2569.89           1561.01           0                 
375        100             2573.05           2609              2573.05           1211.17           0                 
376        87              2627.77           2664.45           2627.77           2794.9            0                 
377        130             2655.26           2692.33           2655.26           1855.6            0                 
378        350             2664.18           2701.38           2664.18           582.263           0                 
379        292             2767.89           2806.57           2767.89           524.985           0                 
380        375             2802.45           2841.61           2802.45           692.208           0                 
381        23              2821.73           2861.17           2821.73           606.251           0                 
382        286             2892.61           2933.01           2892.61           884.823           0                 
383        259             2939.69           2980.76           2939.69           1965.11           0                 
384        201             2962.85           3004.22           2962.85           1444.44           0                 
385        332             3026.35           3068.6            3026.35           872.275           0                 
386        447             3044.6            3087.12           3044.6            2226.44           0                 
387        138             3051.5            3094.11           3051.5            2054.01           0                 
388        428             3056.15           3098.83           3056.15           2490.42           0                 
389        135             3350.15           3397.06           3350.15           416.549           0                 
390        52              3353.69           3400.52           3353.69           2629.89           0                 
391        239             3613.28           3663.8            3613.28           1739.66           0                 
392        429             3636.44           3687.26           3636.44           2665.19           0                 
393        240             3714.78           3766.71           3714.78           2434.61           0                 
394        297             3766.84           3819.48           3766.84           1583.37           0                 
395        405             3794.05           3847.08           3794.05           2370.33           0                 
396        330             3825.01           3878.58           3825.01           538.902           0                 
397        449             4043.59           4100.11           4043.59           2655.55           0                 
398        197             4054.22           4110.91           4054.22           1974.87           0                 
399        13              4116.19           4173.73           4116.19           1225.49           0                 
400        431             4222.19           4281.23           4222.19           3280.67           0                 
401        373             4352.51           4413.34           4352.51           2558.8            0                 
402        73              4400.26           4461.78           4400.26           3204.25           0                 
403        260             4445.63           4507.76           4445.63           2494.26           0                 
404        93              4590.33           4654.42           4590.33           3257.57           0                 
405        402             4606.57           4670.98           4606.57           1427.65           0                 
406        300             4632.43           4697.29           4632.43           654.278           0                 
407        71              4652.98           4717.99           4652.98           3389.35           0                 
408        49              4686.6            4752.13           4686.6            3681.98           0                 
409        432             4691.64           4757.16           4691.64           3011.6            0                 
410        413             4738.56           4804.75           4738.56           2814.3            0                 
411        433             4748.21           4814.6            4748.21           3094.6            0                 
412        374             4754.52           4821              4754.52           2005.07           0                 
413        151             4781.64           4848.44           4781.64           2255.44           0                 
414        172             4841.32           4909.03           4841.32           2225.41           0                 
415        460             4881.14           4949.28           4881.14           2455.73           0                 
416        346             4894.78           4963.04           4894.78           1942.95           0                 
417        462             4987.98           5057.72           4987.98           2290.62           0                 
418        77              5055.13           5125.8            5055.13           3111.13           0                 
419        86              5064.02           5134.88           5064.02           4031.34           0                 
420        76              5110.61           5182.07           5110.61           3858.16           0                 
421        421             5632.83           5711.69           5632.83           3189.86           0                 
422        420             6310.08           6398.34           6310.08           4082.62           0                 
423        147             6391.53           6480.9            6391.53           2648.06           0                 
424        180             6462.82           6553.23           6462.82           3436.28           0                 
425        251             6557.97           6649.53           6557.97           3106.86           0                 
426        14              6647.79           6740.75           6647.79           1805.86           0                 
427        42              6692.3            6785.94           6692.3            4441.78           0                 
428        50              6801.4            6896.55           6801.4            4392.4            0                 
429        110             6808.46           6903.72           6808.46           2721.22           0                 
430        255             6899.18           6995.78           6899.18           1061.86           0                 
431        141             7238.43           7339.66           7238.43           3008.77           0                 
432        51              7251.29           7352.66           7251.29           4536.14           0                 
433        174             7521.13           7626.34           7521.13           2670.5            0                 
434        164             7848.47           7958.26           7848.47           2856.64           0                 
435        232             8104.18           8217.54           8104.18           2841.3            0                 
436        355             8421              8538.84           8421              1401.77           0                 
437        443             8426.66           8544.55           8426.66           3870.54           0                 
438        229             8443.28           8561.4            8443.28           3000.62           0                 
439        3               8523.36           8642.61           8523.36           2404.72           0                 
440        9               8578.86           8698.87           8578.86           3806.02           0                 
441        98              8634.66           8755.47           8634.66           2450.42           0                 
442        343             8687.15           8808.69           8687.15           3922.2            0                 
443        216             8805.28           8928.47           8805.28           2915.44           0                 
444        334             8883.4            9007.69           8883.4            4043.25           0                 
445        78              9265.46           9395.1            9265.46           4875.54           0                 
446        58              9397.51           9528.99           9397.51           4578.77           0                 
447        353             9399.69           9531.2            9399.69           2479.34           0                 
448        347             9417.37           9548.9            9417.37           2793.47           0                 
449        85              9467.94           9600.39           9467.94           4734.82           0                 
450        115             9943.55           10082.7           9943.55           4577.35           0                 
451        407             10818             10969.4           10818             4788.13           0                 
452        215             14623.1           14827.4           14623.1           3688.06           0                 
453        224             15444.9           15661.1           15444.9           5083.38           0                 
454        392             15853.1           16074.9           15853.1           5167.77           0                 
455        186             16876.7           17113             16876.7           1906.13           0                 
456        274             16917.6           17154.3           16917.6           4162.65           0                 
457        63              17405.7           17649.3           17405.7           5481.91           0                 
458        404             21292.4           21590.4           21292.4           4883.79           0                 
459        444             22413.2           22726.9           22413.2           5029.9            0                 
460        131             24901             25249.6           24901             5668.23           0                 
461        90              27361             27744             27361             6668.65           0                 
462        170             28761.2           29163.8           28761.2           4709.4            0                 
463        2               29283             29692.9           29283             5298.25           0                 
avg_fct 820.382106
avg_fct_small 177.249625
avg_fct_large 3793.084870
99_small_fct 48.082000
99_fct 5029.904000
flow_cnt 464
small_flow_cnt 232
large_flow_cnt 46
max_small_flow_index 232
min_large_flow_index 417
99_small_flow_index 229
99_flow_index 459
